0.492806 -0.869677 0.0283495 0.699103 0.870006 0.493038 0.00141111 0.547128 -0.0152046 0.0239688 0.999597 0.779446
0.49105 -0.870703 0.0273402 1.09555 0.871019 0.491248 0.000627138 1.30983 -0.0139769 0.0235059 0.999626 0.7815
0.48929 -0.871724 0.0263339 1.49211 0.872028 0.489456 -0.000161165 2.07272 -0.0127488 0.0230428 0.999653 0.783553
0.487528 -0.87274 0.0253312 1.88857 0.873031 0.487663 -0.00095341 2.83544 -0.011521 0.0225798 0.999679 0.785604
0.485763 -0.873752 0.024332 2.28493 0.87403 0.485869 -0.00174955 3.59796 -0.0102935 0.0221168 0.999702 0.787653
0.483996 -0.874759 0.0233359 2.68139 0.875023 0.484074 -0.00254997 4.36065 -0.00906569 0.0216536 0.999724 0.789701
0.482225 -0.875762 0.0223431 3.07784 0.876012 0.482277 -0.00335446 5.12333 -0.00783787 0.0211904 0.999745 0.791747
0.480565 -0.87665 0.0232866 3.47362 0.876925 0.48061 -0.00401009 5.88299 -0.0076763 0.0223477 0.999721 0.792662
0.478683 -0.87775 0.0204598 3.87054 0.877971 0.478688 -0.00496788 6.64819 -0.0054333 0.0203412 0.999778 0.795781
0.477284 -0.878556 0.0184031 4.27015 0.878745 0.477243 -0.00686302 7.42101 -0.00275319 0.0194472 0.999807 0.798818
0.475569 -0.879562 0.0143053 4.66982 0.879678 0.475521 -0.0068145 8.20592 -0.000808696 0.0158249 0.999874 0.803276
0.474329 -0.880248 0.0132121 5.07688 0.880347 0.474292 -0.00604467 8.99865 -0.000945582 0.0144984 0.999894 0.807546
0.472888 -0.881008 0.0142354 5.48795 0.881119 0.472871 -0.00474069 9.79953 -0.00255493 0.0147849 0.999887 0.812885
0.471519 -0.881732 0.0147828 5.90473 0.881847 0.471523 -0.00340713 10.6045 -0.00396623 0.0146427 0.999885 0.816849
0.470459 -0.882287 0.0154489 6.32081 0.882411 0.47047 -0.00315605 11.4158 -0.00448371 0.0151171 0.999876 0.819199
0.468958 -0.883093 0.0150211 6.74047 0.883212 0.468959 -0.0036732 12.2291 -0.0038005 0.0149894 0.99988 0.821368
0.468012 -0.88358 0.0158237 7.16112 0.883718 0.467989 -0.00541075 13.0455 -0.00262447 0.016516 0.99986 0.82384
0.467262 -0.883958 0.016851 7.58688 0.88411 0.467258 -0.00440531 13.8693 -0.00397967 0.0169566 0.999848 0.825933
0.467129 -0.884019 0.0173616 8.0127 0.884154 0.467196 -0.000274735 14.7015 -0.00786838 0.0154786 0.999849 0.830717
0.467689 -0.8837 0.0184801 8.442 0.883817 0.467821 0.00335548 15.536 -0.0116106 0.0147637 0.999824 0.836095
0.468863 -0.88303 0.0206372 8.87638 0.883155 0.469052 0.00525927 16.3731 -0.014324 0.01576 0.999773 0.836651
0.470097 -0.882356 0.021373 9.31236 0.882479 0.470312 0.00615442 17.213 -0.0154824 0.015968 0.999753 0.833077
0.47122 -0.881788 0.02003 9.74985 0.881917 0.471386 0.00429228 18.0546 -0.0132268 0.0156422 0.99979 0.828277
0.472196 -0.881337 0.0166164 10.1895 0.881456 0.472266 0.000316469 18.9005 -0.0081263 0.0144972 0.999862 0.824851
0.473348 -0.880743 0.0152862 10.6341 0.880864 0.47336 -0.00306271 19.7505 -0.00453841 0.0149148 0.999878 0.822909
0.474016 -0.880337 0.0177972 11.0856 0.880499 0.474035 -0.00340213 20.6079 -0.00544148 0.0172831 0.999836 0.823813
0.47371 -0.880411 0.0217918 11.5406 0.880621 0.473821 -0.000107113 21.4722 -0.0102311 0.0192411 0.999763 0.823818
0.472828 -0.880752 0.026643 11.9974 0.881038 0.47304 0.00194493 22.3397 -0.0143162 0.0225539 0.999643 0.823189
0.471953 -0.880993 0.0333507 12.4607 0.881509 0.472164 -0.00172676 23.2027 -0.0142257 0.0302139 0.999442 0.81792
0.470705 -0.881635 0.0340171 12.9182 0.882231 0.470771 -0.00652686 24.0697 -0.01026 0.0330832 0.9994 0.810504
0.469498 -0.882378 0.0313101 13.3716 0.882914 0.469427 -0.0100568 24.9441 -0.0058239 0.0323657 0.999459 0.807284
0.467851 -0.883298 0.0300035 13.8342 0.883797 0.467738 -0.0111058 25.842 -0.004224 0.0317128 0.999488 0.816868
0.466834 -0.883798 0.0311064 14.3174 0.884322 0.466785 -0.0092602 26.7836 -0.00633585 0.0318311 0.999473 0.850202
0.465799 -0.884386 0.0298722 14.791 0.884841 0.465866 -0.00510241 27.7164 -0.0094039 0.0288088 0.999541 0.875814
0.464629 -0.884993 0.030127 15.2655 0.885444 0.464729 -0.00401181 28.6477 -0.0104505 0.0285398 0.999538 0.899601
0.463646 -0.885495 0.0305236 15.7362 0.885931 0.463814 -0.00173826 29.57 -0.0126181 0.0278478 0.999533 0.91423
0.463423 -0.885526 0.0329029 16.2076 0.885985 0.463712 0.00131853 30.4954 -0.0164251 0.0285404 0.999458 0.928517
0.462932 -0.885929 0.0286987 16.6637 0.886209 0.463255 0.00543462 31.413 -0.0181095 0.0229172 0.999573 0.932559
0.462953 -0.885937 0.0281228 17.1229 0.886189 0.463282 0.00620278 32.3289 -0.0185241 0.0220505 0.999585 0.936184
0.46288 -0.885992 0.0275842 17.5802 0.886261 0.463164 0.00460866 33.2327 -0.0168593 0.0223135 0.999609 0.934295
0.463145 -0.885952 0.0242028 18.0303 0.88617 0.463349 0.00327668 34.1344 -0.0141173 0.0199302 0.999702 0.937048
0.462366 -0.886363 0.0240424 18.4837 0.886582 0.462561 0.00300533 35.0287 -0.0137849 0.019926 0.999706 0.943843
0.461154 -0.886922 0.0265771 18.9394 0.887189 0.461394 0.00338187 35.9211 -0.0152619 0.0220193 0.999641 0.948186
0.460352 -0.88733 0.0268639 19.3878 0.887589 0.460617 0.00431695 36.8121 -0.0162045 0.0218567 0.99963 0.954867
0.460141 -0.887535 0.0235066 19.8273 0.887731 0.460346 0.00388124 37.6975 -0.0142659 0.0190816 0.999716 0.959881
0.459651 -0.887864 0.0204658 20.2641 0.888053 0.45974 -0.000399462 38.5757 -0.00905427 0.0183583 0.99979 0.962447
0.459248 -0.888094 0.019517 20.7052 0.888273 0.459314 -0.00121411 39.4544 -0.0078862 0.017894 0.999809 0.964428
0.458886 -0.888239 0.0213241 21.149 0.888427 0.459015 0.00132014 40.3329 -0.0109607 0.0183392 0.999772 0.973669
0.458531 -0.88832 0.0252141 21.5908 0.888568 0.458737 0.00272737 41.2056 -0.0139894 0.0211538 0.999678 0.97767
0.458249 -0.888417 0.0268981 22.0291 0.888697 0.458485 0.00300995 42.0744 -0.0150065 0.022525 0.999634 0.980182
0.458141 -0.888401 0.0291571 22.4655 0.888766 0.45836 0.000960606 42.9347 -0.0142179 0.0254737 0.999574 0.979619
0.457725 -0.888543 0.0313008 22.9063 0.889006 0.45789 -0.00209638 43.794 -0.0124696 0.0287862 0.999508 0.978237
0.456669 -0.889023 0.0330363 23.3405 0.88954 0.456852 -0.00220577 44.6506 -0.0131317 0.0303944 0.999452 0.977226
0.455556 -0.889412 0.0376093 23.7776 0.890038 0.455886 0.000222034 45.5106 -0.017343 0.0333726 0.999292 0.97391
0.454854 -0.889582 0.0418448 24.2084 0.890275 0.455403 0.0041447 46.3724 -0.0227433 0.0353682 0.999116 0.965966
0.454281 -0.889879 0.0417669 24.6298 0.890507 0.45492 0.00677398 47.2289 -0.0250286 0.0341165 0.999104 0.95763
0.453043 -0.890625 0.0392323 25.0496 0.891203 0.453573 0.00535717 48.0736 -0.022566 0.0325369 0.999216 0.951182
0.45201 -0.891361 0.0341054 25.4656 0.891895 0.452241 -0.00105802 48.902 -0.0144808 0.0308967 0.999418 0.944566
0.451231 -0.891887 0.0304644 25.8785 0.892368 0.45127 -0.00598573 49.7217 -0.00840908 0.0298864 0.999518 0.942878
0.450045 -0.892618 0.0263001 26.279 0.892959 0.450128 -0.00301713 50.5429 -0.00914528 0.0248428 0.99965 0.94539
0.449159 -0.893112 0.0246607 26.6776 0.893373 0.449315 0.000907575 51.3518 -0.011891 0.0216235 0.999695 0.953283
0.447878 -0.893798 0.0230344 27.0682 0.893989 0.448072 0.00382902 52.1481 -0.0137435 0.0188776 0.999727 0.961274
0.446794 -0.894354 0.0225002 27.4536 0.894544 0.446968 0.00311507 52.9295 -0.0128428 0.0187356 0.999742 0.96385
0.445318 -0.895111 0.0216298 27.8303 0.89527 0.445503 0.00440795 53.7013 -0.0135817 0.0174016 0.999756 0.966507
0.443951 -0.895809 0.020807 28.2007 0.895938 0.444144 0.00553715 54.4612 -0.0142016 0.0161836 0.999768 0.971258
0.442482 -0.896523 0.0213889 28.5665 0.89665 0.442695 0.00631708 55.2091 -0.0151322 0.0163832 0.999751 0.974833
0.441153 -0.897158 0.0221658 28.9268 0.897293 0.441385 0.00668022 55.9464 -0.0157769 0.0169423 0.999732 0.976089
0.439833 -0.897828 0.0212625 29.2769 0.897899 0.440096 0.009632 56.6731 -0.0180054 0.0148552 0.999728 0.977711
0.438648 -0.898394 0.0218323 29.6219 0.898378 0.438989 0.0143436 57.3929 -0.0224703 0.0133219 0.999659 0.977686
0.436914 -0.899266 0.020642 29.9628 0.89917 0.437262 0.0171682 58.0945 -0.0244647 0.0110597 0.99964 0.981161
0.435588 -0.899999 0.0162684 30.2861 0.899898 0.435821 0.015592 58.7779 -0.0211229 0.00784821 0.999746 0.985117
0.434618 -0.900536 0.0119226 30.6019 0.90051 0.434731 0.00955262 59.4411 -0.0137856 0.00658466 0.999883 0.98937
0.43336 -0.901165 0.0100176 30.9092 0.901184 0.433416 0.00419068 60.0871 -0.0081183 0.00721165 0.999941 0.990586
0.432949 -0.901381 0.00827237 31.2073 0.901401 0.43298 0.00234436 60.7198 -0.00569494 0.00644174 0.999963 0.996076
0.432221 -0.901735 0.00770757 31.4949 0.901725 0.432268 0.00607215 61.3366 -0.00880721 0.00432559 0.999952 1.0079
0.431014 -0.902307 0.00832684 31.7762 0.902265 0.43108 0.0093422 61.9329 -0.0120191 0.0034864 0.999922 1.02532
0.429868 -0.902842 0.00952912 32.0514 0.902843 0.42993 0.00580331 62.5053 -0.00933633 0.00610865 0.999938 1.03722
0.42986 -0.902785 0.0141517 32.3243 0.902884 0.429881 -0.00172662 63.0568 -0.00452479 0.0135196 0.999898 1.04659
0.430764 -0.902334 0.0153412 32.5851 0.902464 0.430681 -0.00849074 63.5929 0.00105433 0.0175024 0.999846 1.0588
0.433308 -0.901141 0.0137773 32.835 0.901244 0.433224 -0.00870676 64.1214 0.00187737 0.0161894 0.999867 1.07111
0.436694 -0.899553 0.0101459 33.0775 0.899609 0.436682 -0.00348129 64.6408 -0.00129892 0.0106476 0.999942 1.0853
0.440705 -0.897562 0.0127338 33.3239 0.89764 0.440727 -0.00119749 65.1407 -0.0045373 0.0119581 0.999918 1.09603
0.445267 -0.895205 0.0185749 33.5766 0.895356 0.44535 0.000340282 65.6234 -0.00857696 0.0164797 0.999827 1.10795
0.452154 -0.891609 0.0243031 33.8247 0.891845 0.452335 0.00226452 66.0936 -0.0130122 0.0206507 0.999702 1.12045
0.461278 -0.88698 0.0221267 34.0616 0.88716 0.461451 0.00315721 66.5495 -0.0130108 0.0181736 0.99975 1.12837
0.474135 -0.880286 0.0170924 34.2891 0.880356 0.474281 0.0055673 66.9972 -0.0130074 0.0124077 0.999838 1.13508
0.489774 -0.871752 0.0130602 34.5215 0.871736 0.489897 0.00877715 67.4275 -0.0140496 0.00708621 0.999876 1.1403
0.508188 -0.861129 0.0141989 34.7664 0.861115 0.508329 0.00909049 67.8342 -0.0150458 0.0076072 0.999858 1.14279
0.529879 -0.847886 0.0178119 35.0204 0.847909 0.530073 0.00855287 68.2206 -0.0166935 0.0105709 0.999805 1.14689
0.553939 -0.832316 0.0200388 35.2806 0.832341 0.554183 0.00946649 68.5932 -0.0189843 0.0114352 0.999754 1.15015
0.580416 -0.81404 0.0213811 35.5483 0.814039 0.580705 0.0110241 68.9531 -0.0213902 0.0110065 0.999711 1.15229
0.609773 -0.792268 0.0221172 35.827 0.792239 0.61009 0.0121427 69.2959 -0.0231138 0.0101178 0.999682 1.15222
0.641585 -0.766729 0.0222424 36.1152 0.766673 0.64191 0.0128038 69.6232 -0.0240947 0.00883793 0.999671 1.14979
0.675202 -0.737279 0.0228317 36.4155 0.737202 0.675542 0.0132873 69.9287 -0.0252202 0.00786001 0.999651 1.14885
0.710393 -0.703498 0.0208086 36.7248 0.703373 0.710682 0.0140418 70.2108 -0.0246667 0.004661 0.999685 1.15032
0.747152 -0.664378 0.0191339 37.0456 0.664251 0.747392 0.0132648 70.4684 -0.0231134 0.00279893 0.999729 1.15073
0.784168 -0.620273 0.0185068 37.3768 0.620148 0.784384 0.012545 70.6996 -0.0222978 0.00163962 0.99975 1.14701
0.82016 -0.571861 0.0176762 37.7166 0.571728 0.82035 0.0123397 70.9045 -0.0215572 -1.45333e-05 0.999768 1.14029
0.854501 -0.519177 0.0168189 38.0639 0.519048 0.854666 0.0116326 71.0825 -0.020414 -0.00121026 0.999791 1.1327
0.886216 -0.462951 0.017243 38.4202 0.462865 0.886384 0.00890949 71.2293 -0.0194086 8.54516e-05 0.999812 1.12705
0.91411 -0.40509 0.0174733 38.7803 0.405008 0.914277 0.00817745 71.353 -0.019288 -0.000398272 0.999814 1.12544
0.938021 -0.346022 0.0196061 39.1469 0.345923 0.938226 0.00834818 71.4538 -0.0212836 -0.00104857 0.999773 1.12315
0.957908 -0.286232 0.021983 39.5213 0.286058 0.958152 0.0107739 71.5316 -0.0241469 -0.00403206 0.9997 1.1169
0.973808 -0.226135 0.0236832 39.8967 0.225932 0.974082 0.010957 71.5844 -0.0255472 -0.00531921 0.999659 1.10884
0.985751 -0.166518 0.0237963 40.2757 0.166369 0.98603 0.00810082 71.6066 -0.0248128 -0.00402643 0.999684 1.09983
0.993769 -0.108801 0.0241835 40.6519 0.108776 0.994063 0.00235731 71.6056 -0.0242964 0.000287963 0.999705 1.09218
0.998289 -0.0534752 0.0236633 41.0261 0.0533979 0.998566 0.00388742 71.5924 -0.0238372 -0.0026172 0.999712 1.08731
0.999726 0.000700234 0.0233924 41.4026 -0.000901151 0.999963 0.00857954 71.5668 -0.0233855 -0.00859827 0.99969 1.081
0.998427 0.0513613 0.0225048 41.7789 -0.0516055 0.998613 0.0104046 71.5209 -0.0219392 -0.0115496 0.999693 1.07403
0.995 0.0975045 0.0216142 42.1491 -0.0976229 0.995213 0.00449212 71.4471 -0.0210727 -0.0065797 0.999756 1.06626
0.989938 0.139744 0.0222327 42.5219 -0.139551 0.990164 -0.0100372 71.3461 -0.0234167 0.00683357 0.999702 1.0547
0.983969 0.176771 0.0236049 42.8927 -0.176421 0.984182 -0.016183 71.2428 -0.0260923 0.0117592 0.99959 1.04521
0.977418 0.210212 0.0215639 43.2669 -0.209961 0.977619 -0.013331 71.1459 -0.0238836 0.00850241 0.999679 1.03811
0.970272 0.241178 0.0201108 43.6438 -0.241197 0.970475 -0.00154721 71.0521 -0.0198902 -0.00334945 0.999797 1.03819
0.962809 0.269513 0.0190298 44.0213 -0.269661 0.962939 0.00564699 70.9407 -0.0168026 -0.0105686 0.999803 1.04169
0.955514 0.294455 0.0169702 44.4023 -0.294583 0.95561 0.00549768 70.805 -0.0145981 -0.0102522 0.999841 1.04063
0.94818 0.317448 0.0134872 44.7836 -0.317486 0.948263 0.000724108 70.6505 -0.0125595 -0.00496857 0.999909 1.03628
0.94152 0.336934 0.00383876 45.1696 -0.336915 0.941523 -0.00477382 70.4789 -0.00522274 0.00320131 0.999981 1.01648
0.934693 0.35543 -0.00438652 45.5647 -0.355446 0.93469 -0.00358807 70.3091 0.00282473 0.00491292 0.999984 0.998288
0.928186 0.372088 -0.00458592 45.9784 -0.372094 0.928195 -0.000557145 70.1338 0.00404932 0.00222353 0.999989 0.993183
0.922286 0.386504 0.00167935 46.407 -0.386505 0.922287 0.000442812 69.9451 -0.0013777 -0.00105748 0.999999 0.998856
0.91649 0.400022 0.00527562 46.8375 -0.400023 0.916505 -0.000873649 69.7399 -0.00518461 -0.00130968 0.999986 1.00433
0.910944 0.412478 0.00659334 47.2733 -0.412463 0.910967 -0.00353964 69.5215 -0.00746634 0.000504901 0.999972 1.00652
0.90594 0.423367 0.00577645 47.7157 -0.423326 0.90595 -0.00711225 69.2899 -0.00824427 0.00399795 0.999958 1.0044
0.901426 0.432916 0.0038176 48.1695 -0.432865 0.901407 -0.00966894 69.048 -0.00762704 0.00706333 0.999946 1.00234
0.897647 0.44071 0.00223751 48.6364 -0.440661 0.897604 -0.01123 68.7974 -0.00695757 0.00909459 0.999934 1.00072
0.894941 0.446182 0.00121058 49.1176 -0.446134 0.894878 -0.0125573 68.5368 -0.00668617 0.010698 0.99992 0.99757
0.892315 0.451414 -0.000414951 49.6125 -0.451379 0.892233 -0.0132829 68.2682 -0.00562584 0.0120398 0.999912 0.99197
0.889428 0.457074 -0.00139389 50.1249 -0.457051 0.889345 -0.0130421 67.9892 -0.00472156 0.0122371 0.999914 0.984634
0.887265 0.461253 -0.00249977 50.654 -0.461235 0.88715 -0.0150448 67.6967 -0.00472177 0.0145017 0.999884 0.979499
0.885608 0.464423 -0.00316325 51.192 -0.464408 0.885466 -0.0165855 67.3903 -0.00490176 0.0161573 0.999857 0.973364
0.883972 0.467527 -0.00332678 51.7484 -0.467509 0.883812 -0.0176289 67.076 -0.00530173 0.0171387 0.999839 0.968342
0.882472 0.470351 -0.0035266 52.3168 -0.470327 0.882283 -0.0192181 66.7474 -0.00592781 0.0186181 0.999809 0.962378
0.881764 0.471659 -0.00544906 52.8982 -0.471651 0.881479 -0.0232392 66.4094 -0.00615774 0.0230615 0.999715 0.955942
0.881821 0.47153 -0.00713158 53.4913 -0.471541 0.881437 -0.0267935 66.0607 -0.00634791 0.02699 0.999616 0.948014
0.882598 0.470059 -0.00803764 54.1041 -0.470084 0.882156 -0.0286666 65.7085 -0.00638456 0.0290795 0.999557 0.940651
0.884037 0.467319 -0.00953922 54.733 -0.467379 0.883523 -0.03073 65.3518 -0.0059326 0.0316249 0.999482 0.933995
0.885769 0.464022 -0.00985964 55.3787 -0.464089 0.885224 -0.0316099 64.9886 -0.00593969 0.0325748 0.999452 0.927735
0.88752 0.460681 -0.00907652 56.044 -0.460709 0.886911 -0.0336883 64.6244 -0.00746949 0.0340807 0.999391 0.92528
0.889304 0.457249 -0.0078632 56.7238 -0.457232 0.888677 -0.0345282 64.258 -0.00880015 0.0343014 0.999373 0.92334
0.891152 0.45368 -0.00465068 57.4232 -0.453572 0.8906 -0.0332324 63.8914 -0.010935 0.0317246 0.999437 0.91899
0.892964 0.450118 -0.00308567 58.1288 -0.449967 0.89244 -0.0328716 63.5233 -0.0120423 0.0307416 0.999455 0.913491
0.894754 0.446551 -0.0026992 58.8442 -0.44642 0.894306 -0.0304281 63.1564 -0.0111738 0.0284306 0.999533 0.909902
0.896258 0.443509 -0.00452746 59.5636 -0.44346 0.895881 -0.0272158 62.7913 -0.00801441 0.0264002 0.999619 0.908838
0.896887 0.4422 -0.0073302 60.2894 -0.442255 0.896671 -0.0197674 62.4294 -0.00216837 0.020971 0.999778 0.908002
0.896741 0.44247 -0.00868852 61.018 -0.442555 0.896597 -0.016114 62.0606 0.000660128 0.0182952 0.999832 0.907503
0.896771 0.442427 -0.0077292 61.7498 -0.442494 0.896664 -0.0138651 61.6901 0.000796214 0.0158539 0.999874 0.914756
0.896735 0.44255 -0.00391315 62.4838 -0.442563 0.896651 -0.0124756 61.3196 -0.00201234 0.0129191 0.999915 0.926052
0.896665 0.442693 -0.00372975 63.2132 -0.442701 0.896569 -0.013429 60.9452 -0.00260096 0.0136925 0.999903 0.934719
0.896743 0.442549 -0.00169503 63.9433 -0.442536 0.896669 -0.012117 60.5716 -0.0038425 0.011616 0.999925 0.944158
0.8966 0.442841 -0.000802178 64.671 -0.442823 0.896545 -0.0106759 60.1967 -0.00400853 0.00992723 0.999943 0.956817
0.896632 0.442777 -0.000283848 65.3977 -0.442764 0.896602 -0.00809987 59.8271 -0.00333193 0.00738828 0.999967 0.96566
0.896103 0.443845 0.000117461 66.1231 -0.443839 0.896093 -0.00494368 59.4575 -0.00229949 0.00437792 0.999988 0.973972
0.894887 0.446291 0.0015705 66.8483 -0.446287 0.894887 -0.00238076 59.0879 -0.00246793 0.00142961 0.999996 0.982816
0.893168 0.449705 0.00407367 67.5715 -0.449707 0.893176 -0.000547683 58.7149 -0.0038848 -0.00134278 0.999992 0.992122
0.890962 0.454016 0.00744037 68.2942 -0.454031 0.890986 0.000273789 58.3386 -0.00650496 -0.00362209 0.999972 1.00264
0.888063 0.459598 0.0106591 69.0126 -0.459634 0.888108 0.00111529 57.9562 -0.00895388 -0.00588975 0.999943 1.01162
0.884616 0.466183 0.0113023 69.7231 -0.466229 0.884662 0.00172546 57.5681 -0.00919434 -0.00679583 0.999935 1.01894
0.880521 0.473882 0.0108824 70.4254 -0.473936 0.880555 0.0028671 57.1769 -0.00822384 -0.00768208 0.999937 1.02415
0.875687 0.482772 0.0101297 71.1208 -0.482821 0.875714 0.0029231 56.7754 -0.00745955 -0.00745056 0.999944 1.0288
0.87068 0.491739 0.010435 71.8095 -0.491781 0.870717 0.00175286 56.3697 -0.00822397 -0.00665791 0.999944 1.03485
0.8653 0.501103 0.0123362 72.4904 -0.501161 0.865352 0.00196827 55.9614 -0.00968888 -0.00788559 0.999922 1.04128
0.859634 0.510755 0.0125957 73.1651 -0.510804 0.859697 0.000765655 55.5433 -0.0104374 -0.00709211 0.99992 1.04388
0.853883 0.520312 0.0126059 73.8302 -0.520359 0.853947 0.000536795 55.1203 -0.0104855 -0.00701796 0.99992 1.0464
0.84805 0.529776 0.0121735 74.4858 -0.529824 0.848107 0.000893767 54.6949 -0.00985092 -0.00720776 0.999925 1.04986
0.842287 0.538906 0.0115776 75.1338 -0.538959 0.84233 0.00186268 54.2648 -0.00874834 -0.00780875 0.999931 1.05276
0.836642 0.547649 0.0105071 75.7709 -0.547695 0.836676 0.00194065 53.8314 -0.00772822 -0.0073783 0.999943 1.05523
0.831328 0.555699 0.00961705 76.3968 -0.555737 0.831356 0.00175505 53.3953 -0.00701991 -0.00680358 0.999952 1.05882
0.825912 0.563726 0.00907351 77.012 -0.563761 0.825937 0.0015821 52.9559 -0.00660227 -0.00642196 0.999958 1.06398
0.820487 0.571596 0.00884968 77.6184 -0.571627 0.820512 0.00125124 52.5168 -0.00654607 -0.00608535 0.99996 1.068
0.81544 0.578779 0.00848566 78.2133 -0.578801 0.815469 8.59601e-05 52.0745 -0.00687004 -0.0049816 0.999964 1.07326
0.811016 0.584957 0.00883114 78.7991 -0.584966 0.811056 -0.00187593 51.6316 -0.00825989 -0.0036445 0.999959 1.07866
0.807808 0.589382 0.00867291 79.3734 -0.58936 0.807854 -0.00509857 51.1902 -0.0100114 -0.000992799 0.999949 1.08589
0.805348 0.59274 0.00859273 79.9421 -0.592679 0.805392 -0.00871525 50.7495 -0.0120864 0.00192609 0.999925 1.08924
0.803554 0.595168 0.00872433 80.5018 -0.595077 0.803593 -0.0110433 50.3158 -0.0135834 0.00368226 0.999901 1.0911
0.802451 0.596648 0.00906671 81.0486 -0.596544 0.802492 -0.0118776 49.8926 -0.0143627 0.00412247 0.999888 1.0928
0.801807 0.597518 0.00882531 81.5858 -0.59741 0.801843 -0.0122068 49.4765 -0.0143703 0.0045152 0.999887 1.09378
0.802159 0.597064 0.00737066 82.1078 -0.596961 0.802174 -0.0123962 49.0705 -0.0133139 0.00554377 0.999896 1.09464
0.803792 0.594883 0.00574245 82.6171 -0.594787 0.803784 -0.0126595 48.677 -0.0121466 0.0067601 0.999903 1.09575
0.806624 0.591044 0.00494145 83.1161 -0.590957 0.806609 -0.0123398 48.299 -0.0112792 0.00703338 0.999912 1.09749
0.811067 0.584934 0.00477193 83.6036 -0.584857 0.811055 -0.0115412 47.9399 -0.0106212 0.00656983 0.999922 1.10017
0.817271 0.576232 0.00489457 84.0801 -0.576163 0.817265 -0.0106769 47.5971 -0.0101526 0.00590589 0.999931 1.10411
0.824868 0.565305 0.00485421 84.5439 -0.565239 0.824862 -0.0103981 47.2728 -0.00988212 0.00583324 0.999934 1.10883
0.834152 0.551519 0.00416128 84.9988 -0.551471 0.834147 -0.00890796 46.9729 -0.00838402 0.00513577 0.999952 1.11319
0.845233 0.534392 0.00236268 85.4541 -0.534368 0.845225 -0.00666431 46.6907 -0.00555835 0.00437036 0.999975 1.1212
0.857705 0.514142 0.000253802 85.91 -0.514137 0.857699 -0.00384318 46.4242 -0.00219362 0.00316582 0.999993 1.12955
0.871652 0.490125 -0.000804 86.3703 -0.490126 0.87165 -0.00188358 46.1703 -0.000222384 0.00203589 0.999998 1.13631
0.887029 0.461714 -0.000495813 86.8369 -0.461715 0.887028 -0.00108784 45.9327 -6.24734e-05 0.00119387 0.999999 1.14336
0.903569 0.42844 0.00130972 87.3089 -0.428437 0.903569 -0.00195541 45.7135 -0.0020212 0.00120572 0.999997 1.15092
0.920583 0.390519 0.00465931 87.7882 -0.390511 0.920595 -0.00258072 45.5183 -0.00529715 0.000556252 0.999986 1.15959
0.937074 0.349002 0.00952013 88.2719 -0.348992 0.937122 -0.00276528 45.3488 -0.00988661 -0.000731178 0.999951 1.16789
0.952783 0.303323 0.0141407 88.7631 -0.303339 0.952882 -0.00104164 45.202 -0.0137904 -0.00329696 0.9999 1.1762
0.967247 0.253282 0.0167878 89.2543 -0.253335 0.967378 0.00112241 45.0907 -0.0159559 -0.0053386 0.999858 1.18521
0.979909 0.198713 0.0171003 89.741 -0.198769 0.980045 0.00164964 45.0055 -0.0164312 -0.0050155 0.999852 1.18877
0.990183 0.139008 0.0146313 90.2236 -0.139004 0.990291 -0.00132917 44.9464 -0.014674 -0.000717681 0.999892 1.19219
0.997147 0.0748363 0.00990862 90.6994 -0.0748113 0.997194 -0.00287524 44.9227 -0.010096 0.00212576 0.999947 1.19588
0.999957 0.00835264 0.00403121 91.1709 -0.00832947 0.999949 -0.00573106 44.9315 -0.00407887 0.00569723 0.999975 1.20013
0.998233 -0.059423 -0.00021208 91.6367 0.0594216 0.998224 -0.00423819 44.9805 0.00046355 0.0042181 0.999991 1.20296
0.991856 -0.127315 -0.00353001 92.0961 0.127305 0.991859 -0.00292385 45.0631 0.00387352 0.00245065 0.999989 1.20614
0.980802 -0.194918 -0.00579607 92.5481 0.194896 0.980815 -0.00410918 45.1744 0.00648582 0.00290067 0.999975 1.211
0.965359 -0.260874 -0.00519441 92.9918 0.260842 0.965362 -0.00617384 45.3141 0.00662508 0.00460505 0.999967 1.21896
0.945643 -0.325204 -0.00100281 93.4256 0.325193 0.94563 -0.00584929 45.4854 0.00285049 0.00520523 0.999982 1.22887
0.921687 -0.3879 0.00526859 93.846 0.387923 0.921681 -0.00446139 45.6882 -0.00312539 0.00615581 0.999976 1.24016
0.894489 -0.446978 0.0100199 94.2513 0.447017 0.894523 -0.00197804 45.9225 -0.00807887 0.00624839 0.999948 1.24977
0.865052 -0.501445 0.0154429 94.6461 0.501491 0.865162 0.000964941 46.1809 -0.0138445 0.00690976 0.99988 1.25566
0.835033 -0.549892 0.0183836 95.0276 0.549886 0.835219 0.00581752 46.4649 -0.0185533 0.00525106 0.999814 1.26282
0.806082 -0.591504 0.0188457 95.3946 0.591439 0.806295 0.00942449 46.7685 -0.0207698 0.0035492 0.999778 1.26593
0.779605 -0.626058 0.0163748 95.7513 0.625848 0.779773 0.0164056 47.0987 -0.0230395 -0.00254172 0.999731 1.26225
0.755764 -0.654731 0.012219 96.0969 0.654506 0.755841 0.0180287 47.435 -0.0210396 -0.00562805 0.999763 1.25327
0.733915 -0.679172 0.00974195 96.4427 0.678953 0.733946 0.0185945 47.7798 -0.0197789 -0.00703245 0.99978 1.24346
0.717347 -0.696588 0.0133609 96.7932 0.696453 0.717471 0.0136905 48.1237 -0.0191227 -0.000515616 0.999817 1.23688
0.70578 -0.708254 0.0158225 97.1416 0.708162 0.705952 0.0118032 48.4773 -0.0195296 0.00287446 0.999805 1.23537
0.69637 -0.717566 0.012937 97.4872 0.717434 0.69649 0.013806 48.8467 -0.0189172 -0.000332619 0.999821 1.22827
0.689197 -0.724519 0.00892816 97.8366 0.724325 0.689231 0.0177148 49.2299 -0.0189883 -0.00574207 0.999803 1.21476
0.684581 -0.72893 0.0030194 98.188 0.728722 0.684474 0.0214567 49.6207 -0.0177071 -0.0124885 0.999765 1.20753
0.682447 -0.730926 -0.00361035 98.5479 0.730801 0.68222 0.0224837 50.0176 -0.0139709 -0.0179824 0.999741 1.20503
0.681774 -0.731536 -0.00625766 98.9192 0.731467 0.681522 0.0219774 50.4168 -0.0118125 -0.0195609 0.999739 1.2065
0.683368 -0.730039 -0.00716525 99.3023 0.730018 0.68316 0.0191219 50.8194 -0.0090647 -0.018298 0.999791 1.20627
0.686464 -0.727103 -0.00938817 99.6963 0.72716 0.686364 0.01191 51.2247 -0.00221612 -0.0150025 0.999885 1.20141
0.689542 -0.724148 -0.0119116 100.096 0.724239 0.689512 0.00712988 51.6382 0.00305009 -0.0135432 0.999904 1.19757
0.69272 -0.721049 -0.015069 100.506 0.721203 0.692637 0.0110067 52.0719 0.00250092 -0.0184924 0.999826 1.20018
0.696815 -0.717082 -0.0155479 100.925 0.717249 0.696608 0.0170418 52.5154 -0.00138954 -0.0230267 0.999734 1.20509
0.700382 -0.71368 -0.0112102 101.364 0.713744 0.700141 0.0192934 52.9573 -0.0059206 -0.021514 0.999751 1.20979
0.703079 -0.711095 -0.00484355 101.816 0.711014 0.702853 0.0213612 53.403 -0.0117855 -0.0184624 0.99976 1.21308
0.705561 -0.70865 -0.00018847 102.275 0.708453 0.705359 0.0237199 53.857 -0.0166762 -0.0168694 0.999719 1.21412
0.70786 -0.706343 0.00373056 102.742 0.706123 0.707754 0.0217751 54.3145 -0.018021 -0.0127795 0.999756 1.20998
0.708311 -0.705884 0.00494245 103.216 0.705734 0.708278 0.0168115 54.7742 -0.0153676 -0.00841972 0.999846 1.20556
0.708178 -0.706029 0.00256894 103.692 0.705971 0.708158 0.0108213 55.2416 -0.00945941 -0.00584984 0.999938 1.2017
0.707778 -0.70643 -0.00272882 104.171 0.706434 0.707763 0.00486143 55.7201 -0.00150291 -0.00536854 0.999985 1.19808
0.706125 -0.708045 -0.00777853 104.66 0.708081 0.706123 0.00351422 56.2127 0.00300437 -0.00798931 0.999964 1.19561
0.704315 -0.709869 -0.00505805 105.163 0.709887 0.70429 0.00596045 56.7177 -0.000668811 -0.00778868 0.999969 1.19563
0.703044 -0.711144 0.00189985 105.68 0.711102 0.703028 0.00924437 57.2335 -0.00790972 -0.00514821 0.999955 1.20074
0.701173 -0.71297 0.00553636 106.199 0.712838 0.701162 0.0152713 57.7602 -0.0147699 -0.00676132 0.999868 1.2065
0.699795 -0.714337 0.003183 106.715 0.714196 0.699733 0.0172501 58.2942 -0.0145496 -0.00979824 0.999846 1.20642
0.698437 -0.715663 -0.00355265 107.233 0.715603 0.698292 0.017337 58.8372 -0.00992669 -0.0146511 0.999843 1.2028
0.69584 -0.718159 -0.00742252 107.762 0.718183 0.695724 0.0134722 59.3829 -0.00451117 -0.0147052 0.999882 1.19809
0.692861 -0.721018 -0.00872216 108.3 0.72107 0.692791 0.00991408 59.9387 -0.0011056 -0.0131584 0.999913 1.196
0.690097 -0.723688 -0.00650103 108.847 0.723713 0.690033 0.00972389 60.5071 -0.00255114 -0.0114153 0.999932 1.19845
0.687464 -0.726214 -0.00261907 109.401 0.726208 0.68743 0.0079381 61.0814 -0.00396433 -0.00735914 0.999965 1.20336
0.68604 -0.727564 5.62416e-05 109.961 0.727532 0.68601 0.00937414 61.6686 -0.00685887 -0.00639012 0.999956 1.20847
0.684879 -0.728648 0.00373273 110.533 0.728596 0.684878 0.00951302 62.2716 -0.00948811 -0.00379561 0.999948 1.20849
0.684369 -0.729088 0.00837699 111.108 0.729055 0.684419 0.00698828 62.8729 -0.0108284 0.00132473 0.99994 1.20731
0.683894 -0.72953 0.00862039 111.683 0.72948 0.683948 0.00856963 63.4852 -0.0121477 0.000427687 0.999926 1.20811
0.684245 -0.729239 0.00433499 112.253 0.729178 0.684248 0.0102493 64.1014 -0.0104404 -0.00385205 0.999938 1.20843
0.684698 -0.728824 -0.00182606 112.826 0.728791 0.684637 0.0116759 64.722 -0.00725946 -0.00932525 0.99993 1.20803
0.685245 -0.728265 -0.00833413 113.401 0.72829 0.685088 0.0157777 65.346 -0.00578074 -0.0168812 0.999841 1.20676
0.687103 -0.726438 -0.0133172 113.981 0.726532 0.6868 0.0213873 65.9773 -0.00639032 -0.0243706 0.999683 1.20965
0.689482 -0.724164 -0.0141945 114.568 0.724245 0.689047 0.0261361 66.6072 -0.00914616 -0.0283006 0.999558 1.21497
0.691292 -0.722424 -0.0147982 115.163 0.722524 0.690855 0.0260375 67.2307 -0.00858669 -0.0286916 0.999551 1.21789
0.6928 -0.720943 -0.0164204 115.76 0.72111 0.692431 0.0232377 67.8555 -0.00538312 -0.02794 0.999595 1.21615
0.693528 -0.72035 -0.0106609 116.372 0.720402 0.693297 0.0189984 68.4875 -0.00629433 -0.0208561 0.999763 1.20686
0.69384 -0.720106 -0.00582413 116.984 0.720103 0.693724 0.014104 69.1127 -0.00611601 -0.0139799 0.999884 1.20294
0.694905 -0.719087 -0.00456677 117.59 0.719075 0.694812 0.0129308 69.7404 -0.00612531 -0.0122695 0.999906 1.20232
0.695651 -0.718355 -0.00595578 118.191 0.718336 0.695494 0.016784 70.3746 -0.00791468 -0.0159541 0.999841 1.1995
0.696309 -0.717729 -0.00431309 118.794 0.717623 0.696071 0.0223875 71.0093 -0.0130659 -0.0186838 0.99974 1.19603
0.696999 -0.717062 -0.00367498 119.397 0.716816 0.696605 0.0302499 71.6395 -0.019131 -0.0237184 0.999536 1.19714
0.697919 -0.716149 -0.00639375 119.993 0.716053 0.697604 0.0248192 72.2415 -0.013314 -0.0219001 0.999671 1.20364
0.698273 -0.715745 -0.0111355 120.59 0.715832 0.69819 0.0107618 72.8281 7.19628e-05 -0.0154858 0.99988 1.21149
0.69799 -0.715968 -0.0141238 121.19 0.71602 0.698077 -0.0018156 73.4137 0.0111594 -0.00884568 0.999899 1.22064
0.697376 -0.716638 -0.00981773 121.795 0.716685 0.697395 0.00194336 74.0184 0.00545415 -0.00839147 0.99995 1.23336
0.696416 -0.717614 0.0058805 122.407 0.717457 0.696401 0.016788 74.636 -0.0161425 -0.00747242 0.999842 1.24749
0.695195 -0.718606 0.0175905 123.014 0.718019 0.695368 0.0302113 75.2497 -0.0339419 -0.00837239 0.999389 1.26078
0.694823 -0.719057 0.0133444 123.601 0.718586 0.694884 0.0277578 75.8429 -0.0292322 -0.00969763 0.999526 1.25314
0.6942 -0.719781 -0.000658718 124.176 0.719653 0.694059 0.0194993 76.4269 -0.013578 -0.0140105 0.99981 1.2344
0.693442 -0.720485 -0.00626794 124.758 0.720499 0.69335 0.0121499 77.0091 -0.00440793 -0.0129413 0.999907 1.21793
0.692099 -0.721789 -0.00440367 125.347 0.721798 0.692057 0.00805139 77.5945 -0.00276381 -0.00875092 0.999958 1.21813
0.690135 -0.723677 -0.00226695 125.926 0.723654 0.690079 0.0107228 78.1936 -0.00619546 -0.00904066 0.99994 1.21874
0.687582 -0.726101 -0.00281763 126.494 0.726092 0.687539 0.00895109 78.7878 -0.00456217 -0.00820048 0.999956 1.2077
0.68406 -0.729413 -0.0043834 127.06 0.729423 0.684026 0.00715087 79.3792 -0.00221758 -0.00808898 0.999965 1.19277
0.681703 -0.731593 -0.00725304 127.616 0.731622 0.681619 0.011148 79.9795 -0.00321196 -0.0129061 0.999912 1.18875
0.68005 -0.733051 -0.0129808 128.17 0.733165 0.679909 0.0139196 80.58 -0.00137797 -0.0189831 0.999819 1.18172
0.67867 -0.734322 -0.013339 128.729 0.734434 0.678455 0.0174679 81.1806 -0.00377715 -0.0216516 0.999758 1.18079
0.677612 -0.735358 -0.00947762 129.291 0.735371 0.677363 0.020222 81.7782 -0.00845059 -0.0206722 0.999751 1.17992
0.676648 -0.736261 -0.00823342 129.848 0.736251 0.676417 0.0198697 82.3718 -0.00906002 -0.0195066 0.999769 1.17895
0.674779 -0.737967 -0.0087657 130.4 0.737999 0.674625 0.0154428 82.9658 -0.0054827 -0.0168895 0.999842 1.17666
0.671479 -0.740991 -0.00698662 130.948 0.741019 0.671412 0.00985901 83.5526 -0.00261454 -0.0117973 0.999927 1.17072
0.66664 -0.745359 -0.00556148 131.493 0.74538 0.666615 0.00574431 84.1518 -0.000574209 -0.0079748 0.999968 1.16981
0.661583 -0.749868 -0.00250283 132.033 0.749856 0.661544 0.00866516 84.7642 -0.00484199 -0.00760949 0.999959 1.17289
0.656858 -0.754005 0.00365328 132.572 0.75389 0.65683 0.0149625 85.3817 -0.0136814 -0.00707409 0.999881 1.17709
0.653505 -0.756834 0.0115769 133.103 0.756588 0.653595 0.0197003 86.004 -0.0224765 -0.00411524 0.999739 1.17225
0.650338 -0.759597 0.00849391 133.619 0.759183 0.650292 0.027575 86.6298 -0.0264695 -0.0114847 0.999584 1.16465
0.647029 -0.762458 0.00331521 134.129 0.762155 0.646884 0.0257152 87.2495 -0.0217514 -0.0141118 0.999664 1.15494
0.641802 -0.766867 -0.00232575 134.64 0.766783 0.64168 0.0170475 87.861 -0.0115808 -0.0127245 0.999852 1.14288
0.636788 -0.771031 -0.00365604 135.154 0.771024 0.636737 0.00939882 88.4805 -0.00491884 -0.00880395 0.999949 1.13027
0.631632 -0.775265 -0.00238205 135.669 0.775252 0.631595 0.00853822 89.1127 -0.00511489 -0.0072397 0.999961 1.12662
0.625585 -0.780135 -0.00563969 136.176 0.780105 0.625445 0.0159821 89.761 -0.00894086 -0.0143977 0.999856 1.13082
0.619425 -0.784982 -0.0107686 136.673 0.785014 0.619193 0.0187637 90.4102 -0.00806135 -0.0200762 0.999766 1.12999
0.611647 -0.790969 -0.0159761 137.17 0.791127 0.611457 0.0154804 91.0526 -0.00247586 -0.0221077 0.999753 1.12601
0.604769 -0.796231 -0.0164353 137.667 0.796401 0.604651 0.0119505 91.6987 0.000422265 -0.0203164 0.999794 1.11847
0.598301 -0.801115 -0.0158089 138.161 0.80127 0.598161 0.0130043 92.3575 -0.000961743 -0.0204477 0.99979 1.11507
0.591972 -0.805822 -0.0148115 138.643 0.80592 0.591666 0.0205886 93.0315 -0.00782725 -0.0241247 0.999678 1.11091
0.585459 -0.810574 -0.0143841 139.119 0.810587 0.584986 0.0271954 93.7117 -0.0136294 -0.0275813 0.999527 1.10993
0.579275 -0.815044 -0.0119648 139.593 0.814943 0.578763 0.0300314 94.3878 -0.0175522 -0.0271471 0.999477 1.1065
0.57404 -0.818751 -0.0111549 140.065 0.818603 0.573512 0.0311866 95.0642 -0.0191366 -0.0270338 0.999451 1.1007
0.570412 -0.82128 -0.0113484 140.53 0.82116 0.569917 0.029825 95.743 -0.018027 -0.0263314 0.999491 1.09575
0.566748 -0.823695 -0.0179687 140.987 0.823804 0.566239 0.0268245 96.4224 -0.0119206 -0.0300054 0.999479 1.09201
0.5638 -0.82548 -0.026702 141.433 0.825887 0.563242 0.025871 97.1067 -0.00631631 -0.0366389 0.999309 1.08542
0.561522 -0.826938 -0.0294335 141.882 0.827457 0.561046 0.0232704 97.7927 -0.0027296 -0.0374218 0.999296 1.07687
0.55894 -0.828737 -0.027945 142.342 0.829165 0.558246 0.0291214 98.4903 -0.00853376 -0.0394481 0.999185 1.06902
0.55712 -0.830057 -0.0249427 142.798 0.830239 0.556092 0.0382733 99.1958 -0.0178986 -0.0420312 0.998956 1.05998
0.554379 -0.831986 -0.021538 143.255 0.831852 0.553104 0.0457986 99.8976 -0.026191 -0.0433062 0.998718 1.0518
0.550436 -0.834614 -0.0209936 143.705 0.834527 0.549301 0.0428198 100.588 -0.0242062 -0.0410892 0.998862 1.03901
0.546114 -0.837544 -0.0167311 144.158 0.837561 0.545528 0.0298439 101.266 -0.0158683 -0.0303114 0.999415 1.02334
0.540354 -0.841288 -0.0158664 144.604 0.841394 0.540039 0.020314 101.951 -0.00852149 -0.0243266 0.999668 1.0031
0.534517 -0.844957 -0.0184232 145.037 0.845099 0.534094 0.0234955 102.655 -0.010013 -0.0281281 0.999554 0.988673
0.528255 -0.848963 -0.0144644 145.474 0.848954 0.527795 0.0266323 103.366 -0.0149756 -0.0263483 0.999541 0.978963
0.521929 -0.852946 -0.00859364 145.914 0.85276 0.521529 0.028426 104.077 -0.019764 -0.0221647 0.999559 0.967773
0.51696 -0.856009 -0.000296134 146.355 0.855725 0.516779 0.0259549 104.793 -0.0220646 -0.013671 0.999663 0.951645
0.51174 -0.859131 0.00403089 146.79 0.858834 0.511677 0.0243098 105.515 -0.0229478 -0.00897842 0.999696 0.939107
0.506534 -0.862209 0.00424136 147.214 0.862041 0.506523 0.0178718 106.236 -0.0175576 -0.00539645 0.999831 0.926867
0.500526 -0.865702 0.00573945 147.634 0.86569 0.500554 0.0052588 106.95 -0.00742546 0.00233641 0.99997 0.911164
0.494549 -0.869065 0.0121541 148.06 0.86915 0.494495 -0.00733257 107.664 0.000362338 0.01419 0.999899 0.901166
0.488947 -0.872196 0.0143234 148.476 0.872282 0.489004 0.000489938 108.408 -0.00743152 0.0122545 0.999897 0.894393
0.484198 -0.874875 0.0120987 148.877 0.874721 0.484343 0.016573 109.169 -0.0203592 0.00255833 0.999789 0.88969
0.479777 -0.877323 0.0109338 149.276 0.876904 0.479888 0.0273332 109.927 -0.0292271 -0.00352594 0.999567 0.885007
0.476318 -0.879212 0.0103522 149.673 0.878839 0.47642 0.0258161 110.673 -0.0276298 -0.00319875 0.999613 0.870685
0.474836 -0.880064 0.00415049 150.063 0.879906 0.474833 0.0172775 111.414 -0.0171761 -0.00455196 0.999842 0.853792
0.472514 -0.881267 -0.00997238 150.442 0.881294 0.472376 0.013436 112.163 -0.00712994 -0.0151373 0.99986 0.841568
0.470778 -0.882171 -0.0119553 150.834 0.882244 0.470676 0.0104341 112.914 -0.00357755 -0.0154597 0.999874 0.833842
0.468357 -0.883526 -0.00480714 151.243 0.883512 0.468292 0.0104458 113.668 -0.00697799 -0.00913952 0.999934 0.831753
0.46793 -0.883766 -0.000426438 151.645 0.883621 0.467844 0.0183311 114.432 -0.0160009 -0.00895446 0.999832 0.828803
0.468145 -0.883651 0.00103067 152.042 0.883369 0.468025 0.0247344 115.2 -0.022339 -0.0106689 0.999694 0.827786
0.466708 -0.88441 0.001432 152.44 0.884161 0.466614 0.0230248 115.958 -0.0210315 -0.00947974 0.999734 0.825153
0.464982 -0.885319 -0.00158716 152.833 0.885216 0.464899 0.0161551 116.71 -0.0135645 -0.00891679 0.999868 0.821527
0.46319 -0.886257 0.0016607 153.236 0.886257 0.463192 0.00141763 117.453 -0.00202561 0.000815174 0.999998 0.816747
0.461251 -0.887222 0.00919413 153.643 0.887263 0.461183 -0.00858834 118.199 0.00337958 0.012119 0.999921 0.817064
0.460148 -0.887785 0.0100835 154.038 0.887842 0.460131 -0.00409455 118.964 -0.00100464 0.0108366 0.999941 0.821952
0.45892 -0.88842 0.0100996 154.428 0.888417 0.458992 0.0064946 119.735 -0.0104056 0.00599215 0.999928 0.832139
0.457335 -0.889231 0.0106718 154.813 0.889147 0.457445 0.0126955 120.495 -0.016171 0.00368274 0.999862 0.837662
0.45652 -0.889649 0.0107018 155.2 0.889627 0.456611 0.00839398 121.241 -0.0123542 0.00568855 0.999907 0.83599
0.456528 -0.889679 0.00734032 155.585 0.889689 0.456558 0.00293701 121.983 -0.00596427 0.00518978 0.999969 0.83251
0.456336 -0.889807 0.000539306 155.958 0.889797 0.456334 0.00443392 122.737 -0.00419143 -0.00154349 0.99999 0.831832
0.45591 -0.890026 -0.000249171 156.337 0.889986 0.455887 0.0095805 123.49 -0.0084133 -0.00458961 0.999954 0.835151
0.455137 -0.890419 -0.00193889 156.716 0.890348 0.455071 0.013846 124.239 -0.0114464 -0.00802812 0.999902 0.839111
0.454811 -0.890582 -0.00324869 157.092 0.890472 0.454689 0.0178245 124.987 -0.014397 -0.0109996 0.999836 0.837357
0.454343 -0.890801 -0.00681376 157.462 0.890712 0.454148 0.0195141 125.734 -0.0142887 -0.0149352 0.999786 0.835172
0.453837 -0.891061 -0.00641902 157.833 0.891002 0.453686 0.0168648 126.473 -0.0121154 -0.0133732 0.999837 0.833539
0.452993 -0.891446 -0.0109976 158.195 0.891492 0.45286 0.012609 127.203 -0.00625988 -0.015516 0.99986 0.828809
0.451892 -0.891984 -0.0125562 158.555 0.892058 0.451758 0.0121378 127.933 -0.00515431 -0.0166858 0.999847 0.822403
0.454407 -0.890701 -0.0128984 158.879 0.890783 0.454281 0.0116399 128.568 -0.00450817 -0.0167789 0.999849 0.816079
0.457095 -0.88932 -0.0131985 159.201 0.88941 0.456976 0.0111262 129.198 -0.00386334 -0.0168246 0.999851 0.809763
0.459778 -0.887931 -0.013502 159.523 0.888028 0.459667 0.0106143 129.828 -0.00321832 -0.0168704 0.999852 0.803445
0.462457 -0.886534 -0.0138086 159.845 0.886638 0.462354 0.0101044 130.458 -0.00257346 -0.0169161 0.999854 0.797128
0.465131 -0.885129 -0.0141184 160.167 0.88524 0.465036 0.00959657 131.088 -0.00192865 -0.0169618 0.999854 0.790812
0.467801 -0.883716 -0.0144314 160.489 0.883833 0.467715 0.00909056 131.718 -0.00128368 -0.0170075 0.999855 0.784493
0.470467 -0.882294 -0.0147476 160.811 0.882417 0.470389 0.00858652 132.348 -0.000638714 -0.0170532 0.999854 0.778174
0.473128 -0.880865 -0.015067 161.133 0.880993 0.473059 0.00808447 132.978 6.27642e-06 -0.0170989 0.999854 0.771855
0.475785 -0.879427 -0.0153896 161.455 0.879561 0.475725 0.00758443 133.608 0.000651268 -0.0171446 0.999853 0.765535
0.478438 -0.877981 -0.0157153 161.777 0.87812 0.478387 0.00708641 134.238 0.00129627 -0.0171903 0.999851 0.759214
0.481086 -0.876527 -0.0160441 162.099 0.876671 0.481044 0.00659044 134.869 0.00194125 -0.017236 0.99985 0.752893
0.483728 -0.875065 -0.0163761 162.421 0.875214 0.483697 0.00609663 135.499 0.0025861 -0.0172817 0.999847 0.746574
0.486366 -0.873595 -0.0167111 162.743 0.873749 0.486345 0.0056049 136.128 0.00323094 -0.0173273 0.999845 0.740253
