0.492806 -0.869677 0.0283495 0.699103 0.870006 0.493038 0.00141111 0.547128 -0.0152046 0.0239688 0.999597 0.779446
0.489184 -0.871692 0.0291768 1.1553 0.872019 0.489463 0.00285055 1.2666 -0.0167658 0.0240483 0.99957 0.790484
0.485865 -0.873424 0.0326356 1.51911 0.873807 0.48625 0.00460906 2.00191 -0.0198947 0.0262779 0.999457 0.776883
0.483483 -0.874756 0.0323621 1.88794 0.875126 0.483871 0.0049443 2.70045 -0.0199841 0.0259304 0.999464 0.720959
0.481842 -0.875669 0.0321424 2.29845 0.876041 0.482216 0.00461536 3.45454 -0.0195411 0.0259342 0.999473 0.732495
0.480108 -0.876574 0.0333974 2.69172 0.876997 0.480483 0.00377318 4.17452 -0.0193543 0.0274779 0.999436 0.738561
0.478368 -0.877511 0.0337669 3.09765 0.877937 0.47876 0.00417134 4.93298 -0.0198266 0.0276498 0.999422 0.720775
0.477066 -0.878142 0.0357137 3.51017 0.878652 0.477457 0.00282108 5.70415 -0.019529 0.0300341 0.999359 0.709799
0.475294 -0.87914 0.0347863 3.91131 0.87965 0.475622 0.00134594 6.49882 -0.0177284 0.0299601 0.999395 0.687277
0.474116 -0.879858 0.0326475 4.3064 0.880331 0.474362 -0.000242839 7.26383 -0.015273 0.0288557 0.999468 0.677564
0.472601 -0.8808 0.0290034 4.73029 0.881165 0.472811 0.00044872 8.06761 -0.0141083 0.0253447 0.999581 0.671773
0.470799 -0.881795 0.0280507 5.13197 0.882128 0.471012 0.00112587 8.86987 -0.0142049 0.0242143 0.999608 0.656374
0.469587 -0.882439 0.0281068 5.56989 0.882753 0.469833 0.00249763 9.67862 -0.0154094 0.0236385 0.999604 0.647667
0.46894 -0.882751 0.029102 5.98104 0.883077 0.469218 0.00322765 10.473 -0.0165043 0.0241858 0.999573 0.642382
0.467602 -0.88345 0.0293984 6.41575 0.883777 0.467896 0.00367506 11.2911 -0.017002 0.0242632 0.999563 0.643165
0.466626 -0.883951 0.0298379 6.84805 0.884304 0.466905 0.00278896 12.0835 -0.0163967 0.0250844 0.999553 0.629877
0.4654 -0.884585 0.0301979 7.25832 0.884959 0.465666 0.00205755 12.9062 -0.0158821 0.0257664 0.999544 0.622412
0.464977 -0.884796 0.0305182 7.69973 0.885155 0.465286 0.00353132 13.7351 -0.0173241 0.0253714 0.99953 0.599627
0.464613 -0.884981 0.0306839 8.12093 0.885281 0.465007 0.00687447 14.5522 -0.0203519 0.02397 0.999507 0.581804
0.465159 -0.884662 0.0316057 8.54733 0.884902 0.465659 0.0105272 15.3854 -0.0240304 0.0230712 0.999447 0.572915
0.466469 -0.88391 0.0332816 9.00017 0.884135 0.467061 0.0126425 16.2042 -0.0267193 0.0235282 0.999368 0.564148
0.467997 -0.882998 0.0359283 9.435 0.883287 0.468662 0.0126435 17.0468 -0.0280024 0.0258179 0.999276 0.564084
0.469682 -0.882143 0.0349036 9.87952 0.882464 0.470264 0.0104426 17.8852 -0.0256257 0.0258966 0.999338 0.550418
0.470606 -0.881712 0.0333161 10.2986 0.882084 0.471047 0.00649057 18.7354 -0.0214162 0.0263332 0.999425 0.550719
0.471892 -0.881049 0.0326449 10.7485 0.881454 0.472252 0.00394029 19.5542 -0.0188881 0.0269157 0.999461 0.487888
0.472553 -0.880765 0.0306709 11.2171 0.881089 0.472917 0.00555002 20.4322 -0.0193929 0.0244012 0.999515 0.429033
0.472797 -0.880607 0.0314487 11.6815 0.88085 0.473285 0.010112 21.3141 -0.0237888 0.0229209 0.999455 0.42086
0.471613 -0.880952 0.0387155 12.1206 0.881379 0.472294 0.010393 22.1685 -0.0274407 0.0292217 0.999197 0.481998
0.471173 -0.880696 0.0486262 12.6199 0.881626 0.471924 0.00465123 23.0126 -0.0270441 0.0406787 0.998807 0.500337
0.470181 -0.881061 0.0515179 13.0567 0.882235 0.470808 8.37089e-05 23.879 -0.0243287 0.0454117 0.998673 0.434772
0.469035 -0.881787 0.0494986 13.5279 0.88294 0.469476 -0.00298892 24.768 -0.0206027 0.0451063 0.99877 0.419659
0.466994 -0.883176 0.0437021 13.9673 0.884049 0.467393 -0.00118878 25.6494 -0.019376 0.0391901 0.999044 0.316031
0.466177 -0.883657 0.0426763 14.4932 0.884458 0.466619 0.000491881 26.511 -0.0203481 0.0375163 0.999088 0.364319
0.464837 -0.884349 0.0429676 14.9306 0.885112 0.46537 0.0027949 27.4391 -0.0224674 0.0367322 0.999072 0.349787
0.46389 -0.88497 0.0403359 15.4091 0.885555 0.46449 0.00654018 28.31 -0.0245234 0.0326859 0.999164 0.347245
0.463029 -0.885284 0.0432456 15.8545 0.885941 0.463737 0.00757156 29.2069 -0.0267575 0.0348074 0.999035 0.354295
0.46254 -0.885513 0.0437819 16.3275 0.88609 0.463383 0.0110639 30.0759 -0.0300849 0.0336773 0.998979 0.2728
0.462324 -0.885635 0.0435838 16.7946 0.88611 0.463262 0.0141353 31.0041 -0.0327094 0.0320851 0.998948 0.294814
0.462276 -0.885718 0.0424172 17.2561 0.886133 0.463197 0.0148304 31.885 -0.032783 0.0307317 0.998988 0.346415
0.462109 -0.885752 0.0435032 17.7124 0.88626 0.463008 0.0130115 32.7989 -0.0316672 0.0325426 0.998967 0.326659
0.462669 -0.885616 0.0401914 18.1748 0.886045 0.463441 0.0122052 33.6513 -0.0294353 0.0299647 0.999115 0.264071
0.462138 -0.885945 0.0390573 18.5716 0.886341 0.462876 0.0121886 34.5619 -0.028877 0.0289855 0.99916 0.178091
0.460878 -0.886459 0.0421734 19.0623 0.886965 0.461692 0.0116872 35.4499 -0.0298312 0.0320201 0.999039 0.163623
0.460263 -0.886793 0.0418637 19.5459 0.887259 0.4611 0.0127463 36.3059 -0.0306065 0.0312776 0.999039 0.153047
0.459424 -0.887245 0.0415203 19.9604 0.887734 0.460215 0.0116132 37.1847 -0.0294118 0.0315239 0.999067 0.26312
0.459421 -0.887396 0.0381888 20.4515 0.887886 0.460003 0.00777302 38.0567 -0.0244645 0.0303364 0.999237 0.311719
0.459012 -0.887815 0.0330455 20.8577 0.888142 0.459495 0.00862675 38.9589 -0.0228429 0.0253896 0.999413 0.00656742
0.458603 -0.888019 0.0332688 21.3213 0.88829 0.459155 0.0111805 39.7968 -0.0252038 0.0244251 0.99938 -0.0231661
0.458352 -0.887954 0.0381035 21.7503 0.888284 0.4591 0.013637 40.6665 -0.0296021 0.0275964 0.999177 0.0254773
0.457904 -0.888103 0.040006 22.1804 0.888478 0.458716 0.0139016 41.5411 -0.0306972 0.0291791 0.999099 0.177104
0.457851 -0.88804 0.0419647 22.6743 0.888528 0.45867 0.0121525 42.4194 -0.0300396 0.031723 0.999041 0.138321
0.457551 -0.888074 0.0444581 23.0744 0.88873 0.458347 0.0092793 43.2494 -0.0286177 0.0352657 0.998964 0.107679
0.45709 -0.88819 0.0468366 23.5205 0.888954 0.457926 0.00853491 44.1373 -0.029028 0.0377346 0.998862 -0.0655942
0.456066 -0.888564 0.0496456 23.9387 0.88937 0.457072 0.0107213 44.9796 -0.0322179 0.0392639 0.998705 -0.153945
0.455151 -0.888877 0.052381 24.4245 0.889652 0.456411 0.0147629 45.8558 -0.0370294 0.0398817 0.998514 -0.0849088
0.454282 -0.889248 0.0536224 24.8521 0.889951 0.455716 0.0179295 46.6911 -0.0403801 0.0395765 0.998396 -0.000421915
0.453714 -0.889574 0.0530501 25.2768 0.890372 0.455003 0.0148942 47.5654 -0.0373871 0.0404768 0.998476 0.235457
0.452428 -0.890316 0.0515802 25.6529 0.891289 0.453379 0.00798913 48.3747 -0.0304978 0.0423585 0.998632 0.170103
0.451805 -0.890753 0.0494572 26.1445 0.891761 0.452508 0.00355751 49.1922 -0.0255482 0.0424968 0.998765 -0.169804
0.451072 -0.891527 0.0415801 26.506 0.892123 0.451738 0.00795369 50.0171 -0.0258737 0.0335069 0.999099 -0.468505
0.450158 -0.892007 0.0411999 26.8923 0.892536 0.450882 0.0100423 50.8108 -0.0275336 0.0322518 0.999096 -0.183116
0.448729 -0.892744 0.0408413 27.2725 0.89319 0.449521 0.0125537 51.634 -0.0295657 0.0308459 0.999082 -0.159576
0.448099 -0.893149 0.0388546 27.7339 0.893507 0.448862 0.0135588 52.3884 -0.0295499 0.0286413 0.999148 -0.0211151
0.446606 -0.893844 0.040081 28.0087 0.894257 0.447386 0.0129687 53.1679 -0.0295231 0.0300509 0.999107 -0.12534
0.445549 -0.894358 0.0403707 28.4782 0.894768 0.44635 0.0133797 53.8936 -0.0299851 0.0301612 0.99909 -0.174313
0.444413 -0.895004 0.0385565 28.8262 0.895314 0.445205 0.014982 54.7 -0.0305738 0.0278621 0.999139 -0.168221
0.443233 -0.895541 0.0396695 29.1634 0.895862 0.444079 0.0156787 55.4165 -0.0316566 0.0285891 0.999084 -0.203676
0.441963 -0.896269 0.037331 29.505 0.896398 0.442837 0.0196566 56.129 -0.0341485 0.024776 0.999104 -0.302173
0.44077 -0.896829 0.0380069 29.8791 0.896855 0.44175 0.0230222 56.8266 -0.0374358 0.0239393 0.999006 -0.281116
0.439532 -0.897389 0.0391245 30.214 0.897394 0.440585 0.0243024 57.553 -0.0390457 0.0244285 0.998933 -0.164088
0.438473 -0.897897 0.0393762 30.5337 0.898014 0.439466 0.0215393 58.241 -0.0366438 0.0259161 0.998986 -0.0204622
0.437343 -0.89872 0.0325809 30.8533 0.898786 0.438031 0.0183472 58.9191 -0.0307595 0.0212593 0.999294 0.00146896
0.436247 -0.899443 0.0268308 31.154 0.899508 0.436697 0.0143438 59.5759 -0.0246172 0.017877 0.99953 -0.208634
0.435773 -0.899763 0.0236688 31.5119 0.899776 0.436146 0.0143004 60.157 -0.0231888 0.0150648 0.99961 -0.58665
0.435145 -0.900084 0.0230004 31.7438 0.900028 0.435537 0.0167934 60.8311 -0.0251318 0.0133934 0.999587 -0.507442
0.433996 -0.900524 0.0271445 32.0092 0.9005 0.434516 0.017975 61.4323 -0.0279805 0.0166426 0.999462 -0.396315
0.433295 -0.900942 0.0243674 32.3207 0.900895 0.433728 0.017204 61.9869 -0.0260674 0.014498 0.999547 0.0191323
0.433375 -0.900616 0.0333403 32.6791 0.901 0.433799 0.00674491 62.5227 -0.0205363 0.0271165 0.999412 0.0201828
0.43423 -0.900179 0.0340437 32.9002 0.900671 0.434531 0.0019716 63.0807 -0.0165665 0.029806 0.999409 -0.390022
0.437239 -0.898809 0.0316547 33.2877 0.899217 0.437526 0.00282645 63.5223 -0.0163889 0.0272285 0.999485 -0.632283
0.440866 -0.897106 0.0296108 33.4129 0.897407 0.441198 0.00593944 64.1061 -0.0183912 0.0239543 0.999533 -0.488533
0.44509 -0.894985 0.0305901 33.6766 0.895275 0.445482 0.00757179 64.5743 -0.0204026 0.0240164 0.999492 -0.323622
0.449812 -0.892439 0.0355291 33.9468 0.892781 0.450397 0.0106588 65.083 -0.0255133 0.0269252 0.999299 -0.559238
0.45665 -0.888686 0.0418355 34.3222 0.889196 0.457424 0.0111138 65.4953 -0.029012 0.0321249 0.99905 -0.199251
0.466802 -0.883506 0.0394493 34.632 0.883892 0.467555 0.0125495 65.904 -0.0295311 0.0290109 0.999129 -0.133413
0.477913 -0.877705 0.0357361 34.8283 0.877901 0.47863 0.0152447 66.3548 -0.0304833 0.0240871 0.99923 -0.25177
0.493433 -0.869319 0.0292039 35.3366 0.869244 0.494032 0.0194453 66.6952 -0.0313304 0.0157903 0.999369 -0.25844
0.512403 -0.858251 0.0298954 35.5164 0.858165 0.513026 0.0196826 67.136 -0.0322283 0.0155697 0.999343 -0.200947
0.533826 -0.845015 0.0320374 35.8994 0.844971 0.534505 0.0189104 67.4662 -0.0331022 0.0169757 0.99929 -0.231651
0.558273 -0.828933 0.0353636 36.1883 0.828931 0.559062 0.0187745 67.7742 -0.0353318 0.0188327 0.99918 -0.359518
0.585652 -0.809806 0.0357253 36.4711 0.80975 0.58647 0.0196809 68.1371 -0.036888 0.0174024 0.999148 -0.235701
0.615172 -0.787529 0.037608 36.5789 0.78744 0.616073 0.0205097 68.5518 -0.0393197 0.016997 0.999062 -0.321008
0.647042 -0.761545 0.0379466 37.054 0.761428 0.647951 0.020383 68.7557 -0.0401086 0.015705 0.99905 -0.22175
0.681128 -0.731194 0.0384023 37.3688 0.731027 0.682054 0.0207132 69.0341 -0.0413362 0.0139648 0.999025 -0.375489
0.717146 -0.695926 0.0380077 37.6291 0.695688 0.718052 0.0211586 69.3294 -0.0420146 0.0112676 0.99903 -0.338251
0.75402 -0.65587 0.0366781 37.8909 0.655591 0.754852 0.0206684 69.6041 -0.0412405 0.00846123 0.999089 -0.253215
0.790539 -0.611374 0.0364255 38.3117 0.611045 0.791344 0.0206587 69.7618 -0.0414534 0.00592586 0.999098 -0.38018
0.82648 -0.561868 0.0359435 38.6902 0.561489 0.827245 0.0206247 69.9726 -0.0413205 0.0031357 0.999115 -0.316079
0.860761 -0.507894 0.0345032 38.9822 0.507511 0.861443 0.0194737 70.1456 -0.039611 0.000748169 0.999188 -0.263405
0.891991 -0.45077 0.0348645 39.2101 0.450455 0.892662 0.016599 70.4059 -0.0386024 0.000898318 0.999226 -0.312184
0.919127 -0.392465 0.0351146 39.4805 0.392099 0.919788 0.0167847 70.5425 -0.0388831 -0.00165936 0.999213 -0.553947
0.942281 -0.332899 0.0366139 39.8788 0.332455 0.942975 0.0175197 70.6487 -0.040356 -0.00433657 0.999145 -0.434997
0.961486 -0.27219 0.0388827 40.2839 0.271646 0.962239 0.0184854 70.7273 -0.0424437 -0.00721175 0.999041 -0.412802
0.976613 -0.2114 0.0398768 40.5726 0.210797 0.977374 0.0185425 70.8313 -0.0428921 -0.00970362 0.998999 -0.296692
0.98773 -0.151052 0.0402989 40.9572 0.150517 0.988503 0.0157258 70.8527 -0.0422086 -0.00946777 0.99903 -0.194195
0.994903 -0.0929378 0.0397622 41.1864 0.0925235 0.995662 0.0118452 70.9415 -0.040688 -0.00810649 0.999103 -0.220164
0.998535 -0.0368266 0.0402691 41.6105 0.0362657 0.999264 0.0142722 70.8806 -0.0407624 -0.0127916 0.99905 -0.816302
0.999072 0.0181944 0.0396646 42.0882 -0.0188949 0.999701 0.0170427 70.8544 -0.0393398 -0.0177772 0.99903 -0.317624
0.996879 0.0698485 0.0374577 42.339 -0.0705281 0.997395 0.0167902 70.8768 -0.0361843 -0.0193807 0.999118 -0.0664749
0.992478 0.116917 0.0369449 42.6236 -0.117441 0.993035 0.0119931 70.8602 -0.0352823 -0.0162426 0.999205 -0.140209
0.986307 0.160848 0.0370634 43.0939 -0.160981 0.986987 0.00024248 70.7545 -0.0365392 -0.00620604 0.999272 0.0505093
0.979317 0.198729 0.0386422 43.1036 -0.198657 0.980081 -0.00606175 70.8619 -0.0390744 -0.00174035 0.999192 -0.536374
0.971765 0.233377 0.0354319 43.6617 -0.233409 0.972404 -0.00365438 70.6835 -0.0353039 -0.00471927 0.999322 -0.504068
0.963594 0.265018 0.0360471 44.1394 -0.265426 0.964143 0.00654275 70.5539 -0.0330173 -0.0158733 0.999284 -0.958981
0.955563 0.293038 0.0327957 44.3345 -0.293615 0.955859 0.0138219 70.5623 -0.027294 -0.0228383 0.99932 -0.522834
0.947354 0.318851 0.0300111 44.8834 -0.319114 0.947745 0.00379545 70.3021 -0.0272291 -0.0131734 0.999495 0.715102
0.939396 0.341857 0.0267651 45.0902 -0.341965 0.93975 -0.00111484 70.2764 -0.02553 -0.00810603 0.999592 0.312196
0.931786 0.361708 0.0314419 45.4852 -0.361874 0.932265 -0.000883041 70.0744 -0.0296282 -0.0105559 0.999455 -0.906851
0.924326 0.380682 0.0273637 45.8747 -0.380953 0.924623 0.00467665 69.9324 -0.0235169 -0.014748 0.999563 -0.906747
0.91761 0.396559 0.0279218 46.1252 -0.396901 0.917875 0.00715599 69.8307 -0.022787 -0.0176498 0.999532 -0.816473
0.91114 0.411036 0.0303222 46.684 -0.411407 0.911472 0.00635768 69.6006 -0.0250207 -0.0182686 0.999466 -0.762446
0.904763 0.424504 0.035297 47.0944 -0.42494 0.905251 0.00508889 69.3766 -0.0297887 -0.0196045 0.999309 -0.955223
0.898973 0.436625 0.0353642 47.4764 -0.437017 0.899492 0.0033129 69.2122 -0.0303596 -0.018434 0.999313 -0.700506
0.893698 0.447373 0.0347412 47.9307 -0.447641 0.894259 -0.000579726 68.9638 -0.0313234 -0.0150343 0.999339 -0.780892
0.889124 0.456571 0.032356 48.3663 -0.456746 0.88964 -0.00272483 68.7063 -0.0300256 -0.0123564 0.999414 -1.00513
0.885518 0.463545 0.0320551 48.7879 -0.463694 0.886036 -0.00362761 68.4847 -0.0300799 -0.011652 0.999419 -1.15298
0.882806 0.468818 0.0301325 49.2607 -0.468862 0.883296 -0.00658542 68.2907 -0.0296996 -0.00831473 0.999462 -0.855027
0.880314 0.473556 0.0289182 49.8422 -0.473577 0.880773 -0.00713576 67.9135 -0.0288458 -0.00741363 0.999493 -1.29265
0.877274 0.479193 0.0284146 50.4716 -0.479259 0.877707 -0.00553038 67.5673 -0.027586 -0.0087668 0.999516 -1.28364
0.87527 0.482885 0.0276769 50.7627 -0.48288 0.875702 -0.00794863 67.4314 -0.0280712 -0.00640774 0.999519 -0.910019
0.873823 0.485432 0.0288252 51.391 -0.48554 0.874257 -0.00430071 67.0433 -0.0272843 -0.0102383 0.999508 -1.70599
0.872593 0.487718 0.0274414 52.0091 -0.48773 0.873017 -0.00742257 66.6851 -0.027573 -0.00690748 0.999527 -0.638555
0.871437 0.489987 0.0234926 52.6491 -0.489763 0.871771 -0.0155602 66.3935 -0.0281007 0.00205421 0.999533 -0.808381
0.870941 0.491056 0.0191541 53.1463 -0.490615 0.871093 -0.0243199 66.0478 -0.0286239 0.011785 0.999449 -1.12883
0.871317 0.490406 0.018669 53.6573 -0.489966 0.871453 -0.0245129 65.7588 -0.0282869 0.0122125 0.999452 -1.97496
0.87263 0.48799 0.0205444 54.2798 -0.487574 0.872836 -0.0229674 65.3665 -0.0291361 0.010026 0.999451 -1.44842
0.87447 0.484713 0.0198383 54.9428 -0.484202 0.874614 -0.0264337 65.0601 -0.0301602 0.013511 0.999378 -0.865137
0.876614 0.480804 0.0203241 55.611 -0.480333 0.87679 -0.0248851 64.6439 -0.0297813 0.0120533 0.999407 -1.78268
0.878802 0.476679 0.0228448 56.2784 -0.476219 0.879068 -0.0236162 64.2926 -0.0313359 0.00987566 0.999382 -1.61471
0.880662 0.473078 0.0258864 57.0104 -0.472602 0.881028 -0.0232735 63.8756 -0.0338133 0.00826276 0.999315 -1.44355
0.882671 0.469134 0.0290377 57.6988 -0.468718 0.88316 -0.0208959 63.5319 -0.0354444 0.00483407 0.99928 -1.60033
0.884528 0.46545 0.0317003 58.4459 -0.465129 0.88512 -0.0179884 63.1112 -0.0364275 0.00116649 0.999254 -1.51456
0.886356 0.462096 0.0296455 59.2114 -0.461678 0.886865 -0.0207809 62.7507 -0.0358906 0.0047329 0.999262 -0.883372
0.887801 0.459273 0.0302716 59.9021 -0.45902 0.888344 -0.0160229 62.3486 -0.0342465 0.000329651 0.99933 -2.15605
0.88851 0.458226 0.0248235 60.7833 -0.457929 0.888874 -0.0178175 61.8977 -0.0302251 0.00446369 0.999448 -1.28496
0.888559 0.457957 0.0278765 61.4488 -0.457975 0.889001 -0.00711162 61.6056 -0.0280341 -0.00644884 0.9995 -2.8356
0.888626 0.457851 0.027465 62.1706 -0.457732 0.889078 -0.0118069 61.2883 -0.0298197 -0.00208039 0.999466 -1.58671
0.888662 0.457723 0.0284415 62.8903 -0.457681 0.889135 -0.00936028 60.9115 -0.0295679 -0.00470004 0.999464 -2.10664
0.888446 0.457971 0.0310703 63.6937 -0.457798 0.889019 -0.0137915 60.4889 -0.0339338 -0.00197148 0.999333 -2.44488
0.888645 0.45693 0.0395719 64.2689 -0.456993 0.889498 -0.00873277 60.2002 -0.0391849 -0.010325 0.999089 -3.25188
0.888611 0.457066 0.0387497 65.2331 -0.45713 0.889431 -0.00854912 59.7009 -0.0383681 -0.0101181 0.999122 -1.43947
0.888939 0.456894 0.0327991 65.8083 -0.456978 0.889528 -0.00632005 59.4731 -0.0320581 -0.00937183 0.99935 -1.42793
0.888237 0.458446 0.0300643 66.6974 -0.458435 0.888759 -0.00872792 58.9069 -0.030716 -0.00603129 0.999417 -1.58765
0.887126 0.460705 0.0282909 67.4359 -0.460655 0.887601 -0.00977847 58.546 -0.0296107 -0.00435872 0.999458 -1.76761
0.885875 0.46291 0.0313547 68.0894 -0.462922 0.886437 -0.00838444 58.2001 -0.0316699 -0.00708855 0.999379 -2.10152
0.883404 0.467748 0.029208 69.0236 -0.467729 0.883904 -0.00908224 57.6546 -0.0300598 -0.00563941 0.999437 -1.60495
0.880005 0.472865 0.0451121 69.6418 -0.473508 0.880864 0.00322928 57.3715 -0.0382048 -0.0242057 0.998881 -3.72414
0.876076 0.480062 0.0455695 70.5474 -0.480724 0.876949 0.00325482 56.9177 -0.0383937 -0.0247608 0.998859 -1.91191
0.870842 0.489417 0.0463709 71.3928 -0.490176 0.871694 0.00500678 56.361 -0.0379647 -0.0270933 0.998814 -2.00026
0.865706 0.498438 0.0464652 72.0079 -0.49925 0.866524 0.00609132 56.1172 -0.0372207 -0.0284745 0.998803 -1.79365
0.860581 0.507286 0.045918 72.6118 -0.508049 0.861403 0.00498121 55.7979 -0.0370205 -0.0276187 0.998834 -1.65918
0.85506 0.51648 0.0465682 73.4252 -0.517294 0.85588 0.00565573 55.2605 -0.0369291 -0.0289289 0.9988 -2.05466
0.848733 0.526756 0.0472064 74.1592 -0.527582 0.849582 0.00520734 54.7668 -0.037356 -0.0293284 0.998772 -1.90407
0.842757 0.536339 0.0463782 74.7425 -0.537102 0.843605 0.00391343 54.5003 -0.0370191 -0.0282112 0.998816 -1.79687
0.836958 0.545388 0.0458644 75.3841 -0.546102 0.837813 0.00271832 54.0972 -0.0369364 -0.0273249 0.998843 -1.92918
0.830797 0.554762 0.0454612 76.0328 -0.555509 0.831604 0.00368376 53.592 -0.0357549 -0.0283179 0.998858 -2.05769
0.825532 0.562657 0.0443255 76.5849 -0.563336 0.826329 0.00244078 53.3218 -0.0352468 -0.0269882 0.998912 -1.81147
0.820364 0.570146 0.0445944 77.2811 -0.570892 0.821122 0.0039806 52.7954 -0.0343404 -0.0287275 0.998895 -2.25441
0.814697 0.578137 0.0455984 77.9326 -0.578904 0.815498 0.0035105 52.3067 -0.0351482 -0.0292604 0.99885 -2.04292
0.809408 0.585659 0.0437614 78.4725 -0.586314 0.810194 0.00159531 51.9521 -0.0345133 -0.0269522 0.998937 -1.80175
0.804092 0.592695 0.0469333 79.0579 -0.593478 0.804961 0.0024501 51.4921 -0.0363196 -0.0298272 0.99879 -2.49666
0.799466 0.59886 0.047715 79.6945 -0.599688 0.800346 0.00285927 51.1113 -0.0364683 -0.0309034 0.998751 -1.77239
0.796174 0.603411 0.0453655 80.1779 -0.604021 0.797087 -0.00138323 50.7869 -0.0369871 -0.0263031 0.998863 -1.42976
0.794167 0.606025 0.0457057 80.6889 -0.606555 0.795154 -0.00380553 50.3632 -0.0386417 -0.0247031 0.99884 -2.24618
0.792807 0.607583 0.0485569 81.2868 -0.608231 0.793879 -0.00276581 49.8779 -0.040221 -0.0273436 0.998708 -2.51726
0.791024 0.609943 0.0480551 81.9641 -0.610464 0.79215 -0.00565154 49.2932 -0.0415064 -0.0248675 0.998719 -1.69191
0.791344 0.609797 0.0445083 82.3211 -0.610225 0.792335 -0.00587728 49.1674 -0.0388416 -0.0225111 0.998881 -1.72176
0.79187 0.609583 0.0375586 82.9605 -0.609452 0.792767 -0.0172255 48.5606 -0.0402687 -0.00924978 0.999034 -1.28646
0.79355 0.607679 0.0326431 83.4106 -0.607355 0.794277 -0.0213236 48.2817 -0.0388788 -0.00290383 0.999127 -1.89622
0.796743 0.6026 0.0462293 83.7358 -0.603297 0.797651 0.000223311 47.9566 -0.0367313 -0.0280708 0.998817 -4.65902
0.801241 0.596553 0.0468971 84.2403 -0.597296 0.802156 0.00108855 47.825 -0.0369602 -0.0288865 0.998784 -2.55046
0.809935 0.583743 0.0575623 84.4613 -0.585266 0.810894 0.0116934 47.7846 -0.0398409 -0.0431648 0.998157 -3.50018
0.816679 0.575786 0.0396462 85.527 -0.576041 0.817528 -0.00713434 46.5345 -0.0365112 -0.0170125 0.999071 -0.723261
0.825897 0.562646 0.0372809 85.7057 -0.562863 0.82666 -0.00685544 46.7058 -0.0346671 -0.0153231 0.999163 -3.0252
0.838241 0.545102 0.0168247 85.9633 -0.544719 0.838396 -0.0246202 46.8607 -0.0275188 0.0114753 0.999435 -1.99341
0.851318 0.523362 0.0376916 86.5374 -0.523826 0.851963 0.00119006 45.8645 -0.0314792 -0.0207591 0.999168 -6.62332
0.865742 0.49916 0.0374422 87.0577 -0.499673 0.866346 0.00334688 45.9972 -0.0307572 -0.0216087 0.999171 -3.60195
0.882859 0.467374 0.0468463 87.2728 -0.468549 0.88343 0.0159493 46.2496 -0.0339201 -0.036035 0.998651 -4.08439
0.898695 0.436349 0.0449896 88.2376 -0.437941 0.898548 0.0325867 45.2417 -0.0261931 -0.0489951 0.998331 -3.5268
0.916304 0.397719 0.047815 88.41 -0.399433 0.916346 0.0317458 45.8177 -0.0311766 -0.0481938 0.998225 -3.22698
0.932744 0.35669 0.053334 89.1752 -0.358632 0.933103 0.0307487 45.049 -0.0387864 -0.0478133 0.997975 -3.77762
0.949208 0.309578 0.0570445 89.5188 -0.311746 0.949745 0.0322788 45.2957 -0.0441734 -0.0484276 0.997721 -3.5042
0.963574 0.261073 0.05884 90.2265 -0.26333 0.96427 0.0328782 44.7772 -0.0481428 -0.0471791 0.997596 -3.39009
0.976714 0.206327 0.0596706 90.4537 -0.20863 0.977533 0.0337547 45.2738 -0.0513545 -0.0454213 0.997516 -3.39601
0.987757 0.145535 0.0571638 91.025 -0.147547 0.988682 0.0311234 45.2261 -0.0519767 -0.0391791 0.997747 -3.01596
0.99545 0.0806558 0.0519201 91.6155 -0.082337 0.996284 0.029379 44.9868 -0.0493471 -0.0335218 0.998085 -3.27722
0.998849 0.0128022 0.0476498 92.1478 -0.014242 0.999611 0.0281483 44.9051 -0.0472605 -0.0287953 0.998332 -3.6353
0.997533 -0.0562881 0.0436613 92.6329 0.0549983 0.998192 0.0282099 45.0069 -0.0451598 -0.0257394 0.998511 -3.70017
0.991355 -0.124945 0.0420033 93.1217 0.123631 0.991958 0.0305367 45.0196 -0.0454704 -0.02508 0.998512 -3.98353
0.980149 -0.19466 0.0398558 93.5303 0.1935 0.980764 0.0290818 45.3164 -0.0447398 -0.0207919 0.998642 -3.46572
0.964477 -0.261429 0.040302 94.1161 0.260394 0.965212 0.0271163 45.0622 -0.0459791 -0.0156571 0.998678 -3.92423
0.944126 -0.326892 0.0443533 94.5427 0.325876 0.94512 0.0267953 45.2743 -0.0506693 -0.0108416 0.998513 -4.22693
0.919498 -0.390367 0.0484516 94.9872 0.389252 0.920749 0.0293264 45.4698 -0.0560513 -0.00810186 0.99825 -3.98859
0.891617 -0.449761 0.0543729 95.4691 0.44856 0.893271 0.0317532 45.5331 -0.0628434 -0.00391699 0.99787 -4.04141
0.861107 -0.504966 0.0611298 95.865 0.503699 0.863275 0.0344029 45.7694 -0.0701375 0.00117325 0.997389 -3.99122
0.82981 -0.554492 0.0647807 96.4204 0.553024 0.832325 0.0391514 45.7038 -0.0756216 0.00334466 0.996983 -3.74135
0.800363 -0.596168 0.0652136 96.9255 0.594559 0.802996 0.0427292 45.6962 -0.077834 0.00458245 0.996806 -3.5988
0.772589 -0.631921 0.0635462 97.1487 0.630019 0.775183 0.0478978 46.1313 -0.0795214 0.00303773 0.996677 -3.8666
0.749462 -0.659727 0.0576781 97.672 0.657674 0.751667 0.0508558 46.2383 -0.0768989 -0.000174248 0.996886 -3.51892
0.727352 -0.684278 0.0546522 98.1683 0.682373 0.729388 0.0498472 46.2558 -0.0739647 0.00104358 0.997106 -3.75671
0.711246 -0.700732 0.0580663 98.7912 0.699205 0.713551 0.0456374 45.8591 -0.0734059 0.00814905 0.997113 -4.1441
0.69968 -0.712112 0.0601082 99.4641 0.710795 0.702136 0.0436221 45.5465 -0.073261 0.0122121 0.997081 -4.09332
0.689988 -0.721602 0.0589569 99.6291 0.72016 0.6924 0.0456196 46.3144 -0.0737339 0.0109901 0.997059 -4.0088
0.682821 -0.728688 0.0551201 99.9875 0.72695 0.684999 0.0495149 46.6343 -0.0738305 0.00626744 0.997091 -3.99918
0.678144 -0.733387 0.0503326 100.438 0.731321 0.679995 0.0539448 46.7012 -0.0737802 0.000233311 0.997113 -3.98973
0.675478 -0.73611 0.0462684 100.79 0.734159 0.677046 0.052502 47.2131 -0.0699641 -0.0014899 0.997386 -3.86254
0.675501 -0.736243 0.0437375 101.138 0.734365 0.676898 0.051552 47.5166 -0.0675512 -0.00269898 0.997548 -4.31972
0.677192 -0.734771 0.0423296 101.591 0.733223 0.678503 0.0465019 47.7393 -0.0628789 -0.000448283 0.997856 -4.21662
0.680523 -0.731611 0.0435985 102.001 0.730458 0.681893 0.0400096 48.1314 -0.0589906 0.0046256 0.998081 -4.56122
0.684385 -0.728282 0.0385976 102.325 0.72716 0.685464 0.0391097 48.798 -0.0549289 0.00130574 0.998321 -3.98264
0.687868 -0.725095 0.0366209 102.684 0.72386 0.688833 0.0411329 49.2701 -0.0550395 -0.00178119 0.998312 -4.55745
0.691756 -0.721851 0.0258911 103.154 0.720007 0.691984 0.0539209 49.6905 -0.0568268 -0.0186575 0.998038 -3.95006
0.694509 -0.718903 0.0331549 103.438 0.717009 0.695177 0.0528153 50.2235 -0.061006 -0.0129061 0.997881 -5.68582
0.697367 -0.715831 0.0390763 103.918 0.71369 0.698374 0.0555572 50.6534 -0.0670486 -0.0108525 0.997516 -5.78263
0.698712 -0.714093 0.0461899 104.244 0.712007 0.70022 0.0539182 51.356 -0.0708355 -0.00478128 0.9973 -5.64282
0.70069 -0.711686 0.0528723 104.877 0.709879 0.702678 0.0498784 51.4977 -0.0726402 0.00258973 0.997177 -5.60075
0.701185 -0.710997 0.0554919 105.241 0.709639 0.703327 0.0438245 52.3221 -0.070178 0.00865731 0.997318 -5.16861
0.708008 -0.704309 0.0541233 106.024 0.70357 0.709939 0.0339988 51.9609 -0.0623588 0.0140162 0.997775 -4.05623
0.708448 -0.704692 0.0420197 106.028 0.703771 0.709682 0.0352065 53.5534 -0.0546177 0.00463593 0.998315 -3.60906
0.706656 -0.706662 0.0390039 106.343 0.705852 0.707724 0.0329309 54.357 -0.0508616 0.00426553 0.998513 -4.48329
0.715037 -0.698851 0.0241305 107.506 0.697118 0.715146 0.0527363 53.4021 -0.0540978 -0.0208869 0.998132 -4.63375
0.687712 -0.725865 0.0206681 105.64 0.723864 0.687552 0.0589907 58.5336 -0.0570159 -0.025609 0.997859 -5.5182
0.755767 -0.64722 0.10081 109.25 0.649069 0.760667 0.0171569 52.0694 -0.0877801 0.0524833 0.99457 -11.2622
0.638015 -0.769899 0.0212373 98.8597 0.762741 0.635462 0.120819 59.3949 -0.106506 -0.0608938 0.992257 -0.138181
0.668947 -0.741855 0.049136 93.0885 0.742361 0.670078 0.00943379 52.5383 -0.039908 0.030177 0.998557 -1.4365
0.693241 -0.715224 0.0900962 86.3163 0.719824 0.693463 -0.034038 46.8079 -0.0381192 0.0884744 0.995159 -6.39808
0.703862 -0.709217 0.0428574 80.1775 0.709683 0.70465 0.00445554 42.736 -0.0333428 0.0272889 0.998878 -1.89672
0.70673 -0.706453 0.0412771 76.5294 0.706566 0.707669 0.0131781 40.0914 -0.0385042 0.0198597 0.998866 -4.23831
0.706751 -0.706357 0.0425173 75.4361 0.706302 0.70783 0.01792 39.5318 -0.0427374 0.0173725 0.998739 -4.18761
0.701868 -0.710977 0.0462367 77.4036 0.711159 0.703034 0.0143415 41.8384 -0.0426869 0.0228244 0.99863 -4.18118
0.700269 -0.712529 0.0465875 78.1894 0.712683 0.701471 0.0152393 42.0089 -0.0435228 0.022539 0.998599 -4.15651
0.700973 -0.711278 0.054434 79.0192 0.711831 0.702416 0.0110335 42.2272 -0.0460682 0.0310241 0.998256 -4.72746
0.700055 -0.712248 0.0535539 79.4785 0.712708 0.701503 0.0125496 43.0514 -0.0464915 0.0293928 0.998284 -4.23154
0.700627 -0.711349 0.0578388 80.1815 0.712249 0.702058 0.00605531 43.3631 -0.0448981 0.0369646 0.998104 -4.59667
0.700787 -0.711345 0.055911 80.7283 0.712274 0.70205 0.00375666 44.0872 -0.0419085 0.0372028 0.998224 -4.2607
0.701179 -0.711495 0.0486145 81.3506 0.711948 0.702329 0.00950242 44.6101 -0.0408878 0.0279571 0.998566 -4.54537
0.703637 -0.709161 0.0471746 82.0271 0.709461 0.704802 0.0122039 45.0063 -0.0418868 0.0248895 0.998604 -4.9724
0.705171 -0.708257 0.0366689 82.5198 0.707872 0.706093 0.0241405 46.0139 -0.0429728 0.00893777 0.998827 -4.2589
0.706667 -0.706926 0.0334026 83.1147 0.706475 0.707459 0.0251157 46.6469 -0.041369 0.00585291 0.998916 -4.55165
0.708554 -0.705027 0.0335718 83.7939 0.70468 0.709336 0.022546 47.1455 -0.0396919 0.00768594 0.99897 -4.59014
0.710233 -0.703194 0.0363941 84.4089 0.703016 0.711093 0.0189683 47.8357 -0.0392004 0.0121184 0.998944 -4.80929
0.711918 -0.701216 0.0413002 85.1293 0.701257 0.712919 0.0152836 48.4332 -0.0401432 0.0180876 0.998815 -4.82747
0.712808 -0.700162 0.0437427 85.685 0.700293 0.71389 0.0142107 49.1424 -0.0411597 0.02051 0.998725 -4.70227
0.713499 -0.699509 0.0429112 86.377 0.69943 0.714632 0.018788 49.6717 -0.0437909 0.0166137 0.998684 -4.80572
0.713899 -0.699079 0.0432549 86.9401 0.698758 0.71513 0.0241954 50.256 -0.0478308 0.0129561 0.998552 -4.99353
0.714472 -0.698475 0.043558 87.5678 0.697974 0.715762 0.0279223 50.8763 -0.0506639 0.0104563 0.99844 -4.78732
0.715491 -0.697522 0.0420561 88.2014 0.697173 0.716671 0.0244653 51.4462 -0.0471884 0.0118196 0.998593 -4.33315
0.716933 -0.696343 0.0366935 88.7837 0.69643 0.717713 0.0118996 52.0458 -0.0346021 0.0170288 0.999032 -4.03157
0.717128 -0.696236 0.034871 89.2669 0.69651 0.71772 0.0049171 52.7454 -0.0284303 0.0207683 0.999154 -4.67944
0.715941 -0.697174 0.0401437 89.8209 0.697532 0.716721 0.00602259 53.3366 -0.0329505 0.0236968 0.998948 -5.97635
0.714028 -0.698112 0.0551079 90.379 0.698236 0.715788 0.0198472 53.8867 -0.0532846 0.0243136 0.998054 -7.56349
0.711933 -0.699229 0.0668067 91.0216 0.699282 0.714562 0.0262425 54.5937 -0.0660726 0.0280412 0.997189 -6.90201
0.710148 -0.699661 0.079984 91.7074 0.699565 0.713974 0.0337307 55.0414 -0.0806946 0.0320082 0.995992 -6.60094
0.712165 -0.700279 0.0516237 92.456 0.700003 0.71387 0.0260078 55.6837 -0.0550486 0.0176193 0.998093 -2.84081
0.711832 -0.70105 0.0453805 92.8173 0.700791 0.713177 0.0237479 56.4817 -0.0489948 0.0149015 0.998451 -5.28426
0.710368 -0.702305 0.0487983 93.1839 0.702806 0.711539 0.00854762 57.0532 -0.0407049 0.0282315 0.998534 -7.74872
0.708024 -0.704593 0.0498662 93.7765 0.705132 0.709237 0.00847366 57.5615 -0.0413174 0.0291706 0.99848 -8.39991
0.706618 -0.706254 0.046187 94.5134 0.70659 0.707751 0.0110745 58.0335 -0.04049 0.0248164 0.99863 -7.44394
0.701698 -0.710246 0.0583802 94.8252 0.71171 0.702658 -0.00681464 59.2376 -0.0361593 0.0463445 0.998028 -6.70058
0.697315 -0.712899 0.0759113 95.4751 0.714861 0.699485 0.00166074 59.3898 -0.0542639 0.053122 0.996867 -7.79478
0.697813 -0.715632 0.0341555 96.6985 0.715349 0.698652 0.0217569 59.5877 -0.0394125 0.00925216 0.998932 -2.22022
0.696582 -0.716816 0.0344301 97.154 0.716501 0.697443 0.022713 60.2427 -0.0402739 0.00884868 0.9989 -5.53298
0.696386 -0.717687 0.0144542 97.6142 0.716939 0.696456 0.0355912 60.9507 -0.0355897 -0.0144284 0.999011 -5.73865
0.694649 -0.718412 0.0397859 97.9036 0.718002 0.695781 0.0261633 61.6456 -0.0464589 0.0103933 0.998613 -9.01119
0.692848 -0.720201 0.038847 98.6571 0.71994 0.6939 0.0226796 62.3572 -0.0432695 0.0122559 0.998733 -6.64551
0.688853 -0.72322 0.0516769 99.092 0.723747 0.690217 0.0109413 63.0383 -0.04356 0.0298714 0.998347 -6.53404
0.68434 -0.728159 0.041237 99.7916 0.728276 0.685367 0.0147419 63.5468 -0.0389751 0.0199477 0.998782 -5.15504
0.68053 -0.728538 0.0796528 100.475 0.731738 0.68158 -0.0184733 63.6587 -0.040807 0.0708769 0.99639 -5.70344
0.676178 -0.736368 0.0279652 100.954 0.736154 0.676792 0.0191402 64.8542 -0.0329983 0.00764472 0.999163 -1.8157
0.672433 -0.739766 0.0286008 101.649 0.739319 0.673111 0.0258591 65.1565 -0.0383598 0.00375514 0.998991 -5.46855
0.669947 -0.742458 0.0127913 102.068 0.741371 0.66983 0.0451506 65.6916 -0.0420712 -0.0207751 0.998631 -6.20934
0.666275 -0.745779 0.011292 102.367 0.745227 0.66634 0.0312035 66.7262 -0.030773 -0.0123813 0.999179 -5.61759
0.659735 -0.751269 0.0241015 102.678 0.750837 0.66026 0.0254673 67.4767 -0.0350237 0.00129272 0.999113 -7.35807
0.656235 -0.754663 0.00867958 103.784 0.753927 0.656122 0.0380577 67.2618 -0.0343943 -0.0184396 0.998963 -6.99608
0.653545 -0.756578 0.0265469 104.095 0.756834 0.653876 0.000570398 68.341 -0.0177623 0.0197243 0.99937 -6.0026
0.647388 -0.762045 0.0202991 104.465 0.762076 0.647714 0.00781762 69.2665 -0.0190786 0.0104105 0.999484 -6.41356
0.642898 -0.76599 0.0133421 105.369 0.766034 0.643072 0.00257063 69.5633 -0.0105204 0.00856982 0.999625 -5.20891
0.636375 -0.771491 0.00793575 105.634 0.771522 0.636483 -0.00111316 70.4901 -0.00416226 0.0068328 0.999683 -5.49843
0.629721 -0.776937 0.00747252 106.364 0.776973 0.629807 -0.00401329 70.9261 -0.00155754 0.00833566 0.999677 -5.7641
0.623388 -0.782012 0.00892991 106.874 0.782053 0.6235 -0.00156672 71.517 -0.00431264 0.00796238 0.999669 -6.35095
0.617092 -0.786951 0.0118436 107.359 0.786969 0.617271 0.00452049 72.2644 -0.0108398 0.00653196 0.999628 -6.15984
0.611168 -0.791516 0.0144892 107.849 0.79144 0.611428 0.0120311 72.8776 -0.0183556 0.00411372 0.999528 -6.11123
0.604137 -0.796852 0.0167229 108.254 0.796736 0.604455 0.0146181 73.7921 -0.0217311 0.00449161 0.999456 -5.71358
0.59925 -0.800523 0.0172633 108.977 0.80038 0.599588 0.0159886 74.1266 -0.0231247 0.00423495 0.999423 -5.48354
0.595684 -0.803198 0.0163758 109.387 0.803093 0.595996 0.0142291 74.8902 -0.0211628 0.00467444 0.999462 -5.39311
0.591873 -0.806111 0.010232 109.849 0.806011 0.592068 0.0132097 75.5974 -0.0166798 0.000426699 0.999555 -4.86689
0.589719 -0.807735 0.00522284 110.453 0.807601 0.589827 0.016163 76.0378 -0.0161096 -0.00531775 0.999548 -5.79543
0.587276 -0.809528 0.00147454 110.828 0.809464 0.587356 0.0125936 76.8839 -0.0110333 -0.00620624 0.99961 -5.5073
0.583986 -0.811903 0.00187482 111.246 0.811724 0.584008 0.0204667 77.5596 -0.0176863 -0.0104366 0.999476 -7.0907
0.581991 -0.813329 0.00342787 111.827 0.812923 0.58193 0.0299167 78.1133 -0.0263039 -0.0146332 0.999231 -7.33511
0.580052 -0.814688 0.00712109 112.222 0.813968 0.579978 0.0382694 78.9893 -0.0352872 -0.0164121 0.998924 -7.25229
0.575764 -0.817686 0.0105976 112.48 0.817163 0.575903 0.0310842 80.0735 -0.031498 -0.00924425 0.99914 -6.10122
0.571068 -0.820958 0.0116561 112.962 0.820685 0.571296 0.0220037 80.7377 -0.0246982 -0.00300366 0.999367 -5.61469
0.564127 -0.825735 0.0122253 113.292 0.825651 0.564372 0.0131687 81.4227 -0.017746 0.00266384 0.999514 -5.93502
0.557168 -0.83051 0.00660262 113.809 0.830375 0.557316 0.0162945 81.947 -0.0171855 -0.00359969 0.999518 -6.19835
0.550881 -0.834653 0.0105718 114.299 0.834424 0.551099 0.0204834 82.632 -0.0228971 -0.00246631 0.999404 -7.14148
0.544466 -0.838748 0.016907 114.774 0.838507 0.544845 0.0210645 83.3132 -0.0268544 0.00270546 0.999302 -7.18711
0.538885 -0.842135 0.0252511 115.277 0.842007 0.539491 0.0192057 83.8615 -0.0297712 0.0109124 0.999161 -7.25104
0.533393 -0.84542 0.031354 115.707 0.845482 0.534137 0.0159746 84.5889 -0.0302264 0.0179916 0.999042 -6.89657
0.529007 -0.847856 0.0389505 116.271 0.848475 0.529608 0.00219997 85.2704 -0.0224636 0.031894 0.998898 -5.49244
0.524125 -0.850922 0.0380647 116.764 0.851708 0.52432 -0.00902099 85.9763 -0.012248 0.0371607 0.998891 -4.74598
0.516766 -0.85531 0.0403002 116.914 0.856229 0.516816 -0.0131635 86.8773 -0.00953361 0.0413229 0.998754 -6.50092
0.510489 -0.859241 0.0364871 117.567 0.86003 0.510359 -0.0168232 87.4134 -0.00412961 0.0399823 0.998843 -6.12486
0.505808 -0.862321 0.028039 118.223 0.862426 0.506413 0.0131135 87.7467 -0.02548 0.0175511 0.999169 -8.12524
0.506393 -0.861992 0.0275799 119.056 0.861379 0.507234 0.0338765 88.0207 -0.0431702 0.00659763 0.998691 -8.07037
0.499087 -0.866256 0.027169 118.25 0.865962 0.499849 0.0258876 90.5154 -0.0359823 0.0106053 0.998939 -5.6114
0.49803 -0.867001 0.0223469 119.346 0.866853 0.498578 0.0199341 90.4164 -0.0283988 0.00944227 0.999193 -5.22758
0.496288 -0.868184 0.0134092 119.414 0.868221 0.496541 0.00731518 91.6549 -0.0129786 0.00801171 0.999523 -4.8095
0.494638 -0.869186 0.00851608 119.826 0.869208 0.49483 0.00621054 92.2771 -0.00958099 0.00432918 0.999581 -6.33194
0.490194 -0.871294 0.0279496 119.909 0.871776 0.490114 -0.0146335 93.4704 -0.000910674 0.03155 0.999137 -7.81576
0.489586 -0.87141 0.0342623 120.856 0.872089 0.489658 -0.0108897 93.5105 -0.00725131 0.0352226 0.998986 -8.54324
0.485708 -0.873461 0.0371183 121.052 0.874201 0.485958 -0.00659657 94.4316 -0.0122416 0.0356636 0.998919 -7.32746
0.484772 -0.874532 0.0203126 121.915 0.874394 0.485267 0.0195008 94.731 -0.0268855 0.008305 0.999231 -6.06667
0.484109 -0.87491 0.019835 122.215 0.874918 0.484535 0.0133219 95.6611 -0.0212382 0.0109038 0.99934 -5.021
0.482294 -0.875986 0.0162074 122.528 0.876098 0.482561 0.00463342 96.5831 -0.0118484 0.0119653 0.999481 -4.39692
0.486526 -0.873752 0.00834385 123.479 0.873799 0.486716 0.00481129 96.6251 -0.00823325 0.00494832 0.999575 -5.33155
0.492273 -0.870061 -0.0296078 123.704 0.870544 0.492524 0.00409768 97.706 0.0110509 -0.0278044 0.999172 -3.01787
0.491048 -0.870771 -0.0290464 123.196 0.871301 0.49104 0.0127022 99.3981 0.00323249 -0.0315606 0.999114 -8.71446
0.489635 -0.871841 -0.0191122 123.506 0.872103 0.489699 0.00911148 100.298 0.00144654 -0.0211401 0.99939 -8.58527
0.489021 -0.872191 -0.0188705 124.153 0.872448 0.489104 0.00816859 100.731 0.00213653 -0.0204688 0.999401 -7.65383
0.477843 -0.877667 0.0397927 123.296 0.878317 0.478532 0.0047998 102.467 -0.0232243 0.0326644 0.998806 -12.5207
0.477315 -0.878257 0.032438 125.566 0.878617 0.477936 0.00838517 101.733 -0.0228383 0.024502 0.999047 -4.82978
0.476442 -0.878813 0.0301008 125.866 0.879058 0.477073 0.0111584 102.427 -0.0241381 0.0211461 0.999091 -5.47881
0.481237 -0.87655 -0.0168402 126.772 0.876564 0.480757 0.0313085 102.707 -0.0193254 -0.0298466 0.998972 -2.31469
0.481434 -0.876436 -0.0171528 126.551 0.876416 0.480878 0.0335919 104.09 -0.0211716 -0.0312244 0.998891 -6.60823
0.47544 -0.87952 0.0248187 123.992 0.87941 0.476095 0.0212569 107.209 -0.0304872 0.0117164 0.999066 -16.4389
0.54441 -0.826035 0.146517 130.657 0.835983 0.549099 -0.0109953 101.67 -0.071342 0.12851 0.988741 -18.2806
0.558476 -0.821436 0.116341 126.557 0.826539 0.563262 0.00871167 109.63 -0.072665 0.091317 0.992765 -2.83571
0.566498 -0.81531 0.120561 127.443 0.821439 0.570746 -0.000589732 111.314 -0.0683038 0.0993928 0.992298 -3.63589
0.563044 -0.817201 0.123888 126.342 0.823294 0.568051 0.00481637 113.814 -0.074288 0.0993086 0.991875 -5.0539
0.560615 -0.818051 0.129182 126.938 0.824293 0.566538 0.0099162 114.328 -0.0812777 0.100947 0.991159 -5.26539
0.560173 -0.816392 0.141039 127.552 0.824519 0.566293 0.00270012 114.743 -0.0820507 0.114805 0.989586 -4.67446
0.560816 -0.816087 0.140248 128.031 0.824635 0.566124 -0.00373962 115.365 -0.0763193 0.11778 0.989693 -3.12778
0.561907 -0.816194 0.135167 128.496 0.824279 0.56663 -0.00554314 115.905 -0.0720374 0.114558 0.99039 -3.17119
0.563337 -0.815959 0.130561 128.932 0.823725 0.567403 -0.00855965 116.479 -0.0670665 0.112396 0.990984 -3.1299
0.56501 -0.814352 0.133333 129.386 0.822883 0.568485 -0.0153562 117.026 -0.0632594 0.118424 0.990532 -3.74216
0.567652 -0.812825 0.131412 129.838 0.821255 0.570776 -0.017522 117.566 -0.0607304 0.1179 0.990751 -3.20775
0.571136 -0.810166 0.132732 130.316 0.818843 0.574185 -0.0191221 117.991 -0.0606859 0.119638 0.990544 -3.75915
0.575308 -0.806829 0.135015 130.635 0.815528 0.579002 -0.0153651 118.625 -0.065744 0.118976 0.9903 -4.09132
0.580136 -0.802917 0.137647 131.043 0.811439 0.584861 -0.00870521 119.084 -0.0734858 0.116768 0.990017 -4.50916
0.585297 -0.799343 0.136597 131.324 0.808066 0.589426 -0.0135443 119.864 -0.0696554 0.118333 0.990107 -2.36918
0.590791 -0.795451 0.135663 131.758 0.804129 0.59476 -0.01482 120.33 -0.0688661 0.117871 0.990216 -2.91216
0.595357 -0.790876 0.142279 131.943 0.800525 0.599538 -0.0173986 120.991 -0.0715092 0.124284 0.989243 -4.27871
0.60322 -0.786708 0.1319 132.808 0.795751 0.605455 -0.0282723 121.164 -0.057579 0.122042 0.990429 -0.908925
0.609952 -0.782303 0.127051 133.053 0.790859 0.611738 -0.0302994 121.805 -0.0539789 0.118988 0.991002 -2.8187
0.614828 -0.776476 0.138749 133.034 0.786403 0.617519 -0.029095 122.597 -0.063051 0.127029 0.989467 -5.93233
